  6.27079E+13  1.59461E+04  4.08535E+15  2.70259E-02  1.00000E+00
  6.30245E+13  1.30435E+04  2.54366E+15  2.01475E-02  1.00000E+00
  6.33427E+13  9.47894E+03  1.35087E+15  9.50262E-03  1.00000E+00
  6.36625E+13  5.74807E+03  5.51831E+14 -5.66344E-03  1.00000E+00
  6.39839E+13  2.32286E+03  1.38763E+14 -3.29451E-02  1.00000E+00
  6.43069E+13  3.68286E+02  1.80881E+13 -1.52542E-02  1.00000E+00
  6.46316E+13  4.32500E+01  2.31912E+12  5.88138E-02  1.00000E+00
  6.49579E+13  5.06279E+00  4.76023E+11  3.32153E+00  1.00000E+00
  6.52858E+13  5.72643E-01  2.60543E+11  2.76908E+02  1.00000E+00
  6.56154E+13  8.58103E-02  2.34488E+11  3.96931E+03  1.00000E+00
  6.59467E+13  5.22064E-02  2.27751E+11 -6.54005E+02  1.00000E+00
  6.62796E+13  5.61806E-02  2.22261E+11 -4.35011E+02  1.00000E+00
  6.66143E+13  5.63571E-02  2.16606E+11 -1.02755E+02  1.00000E+00
  6.69506E+13  5.52140E-02  2.11023E+11 -5.73503E+01  1.00000E+00
  6.72886E+13  5.44808E-02  2.05563E+11 -9.16484E+01  1.00000E+00
  6.76283E+13  5.35988E-02  2.00208E+11 -7.77924E+01  1.00000E+00
  6.79697E+13  5.27808E-02  1.94964E+11 -8.28352E+01  1.00000E+00
  6.83129E+13  5.19621E-02  1.89827E+11 -8.13798E+01  1.00000E+00
  6.86578E+13  5.11600E-02  1.84795E+11 -8.18439E+01  1.00000E+00
  6.90044E+13  5.03702E-02  1.79865E+11 -8.18190E+01  1.00000E+00
  6.93528E+13  4.95929E-02  1.75036E+11 -8.18994E+01  1.00000E+00
  6.97029E+13  4.88273E-02  1.70305E+11 -8.19611E+01  1.00000E+00
  7.00548E+13  4.80725E-02  1.65671E+11 -8.20256E+01  1.00000E+00
  7.04085E+13  4.73281E-02  1.61131E+11 -8.20928E+01  1.00000E+00
  7.07640E+13  4.65934E-02  1.56684E+11 -8.21550E+01  1.00000E+00
  7.11213E+13  4.58681E-02  1.52328E+11 -8.22176E+01  1.00000E+00
  7.14803E+13  4.51520E-02  1.48062E+11 -8.22789E+01  1.00000E+00
  7.18412E+13  4.44450E-02  1.43883E+11 -8.23402E+01  1.00000E+00
  7.22039E+13  4.37470E-02  1.39791E+11 -8.24021E+01  1.00000E+00
  7.25684E+13  4.30581E-02  1.35783E+11 -8.24649E+01  1.00000E+00
  7.29348E+13  4.23781E-02  1.31859E+11 -8.25294E+01  1.00000E+00
  7.33030E+13  4.17068E-02  1.28015E+11 -8.25958E+01  1.00000E+00
  7.36731E+13  4.10442E-02  1.24252E+11 -8.26653E+01  1.00000E+00
  7.40451E+13  4.03896E-02  1.20567E+11 -8.27394E+01  1.00000E+00
  7.44189E+13  3.97423E-02  1.16960E+11 -8.28207E+01  1.00000E+00
  7.47946E+13  3.91011E-02  1.13428E+11 -8.29128E+01  1.00000E+00
  7.51722E+13  3.84640E-02  1.09971E+11 -8.30201E+01  1.00000E+00
  7.55517E+13  3.78282E-02  1.06587E+11 -8.31477E+01  1.00000E+00
  7.59332E+13  3.71897E-02  1.03277E+11 -8.32996E+01  1.00000E+00
  7.63165E+13  3.65433E-02  1.00040E+11 -8.34771E+01  1.00000E+00
  7.67018E+13  3.58825E-02  9.68763E+10 -8.36771E+01  1.00000E+00
  7.70891E+13  3.51999E-02  9.37868E+10 -8.38903E+01  1.00000E+00
  7.74783E+13  3.44878E-02  9.07731E+10 -8.41008E+01  1.00000E+00
  7.78694E+13  3.37395E-02  8.78373E+10 -8.42876E+01  1.00000E+00
  7.82626E+13  3.29498E-02  8.49821E+10 -8.44252E+01  1.00000E+00
  7.86577E+13  3.21168E-02  8.22104E+10 -8.44973E+01  1.00000E+00
  7.90548E+13  3.12423E-02  7.95250E+10 -8.44766E+01  1.00000E+00
  7.94539E+13  3.03325E-02  7.69284E+10 -8.44814E+01  1.00000E+00
  7.98551E+13  2.93966E-02  7.44223E+10 -8.42773E+01  1.00000E+00
  8.02582E+13  2.84532E-02  7.20074E+10 -8.33518E+01  1.00000E+00
  8.06634E+13  2.75266E-02  6.96823E+10 -8.41019E+01  1.00000E+00
  8.10707E+13  2.66226E-02  6.74446E+10 -8.28911E+01  1.00000E+00
  8.14800E+13  2.57612E-02  6.52908E+10 -8.37531E+01  1.00000E+00
  8.18913E+13  2.49461E-02  6.32165E+10 -8.26833E+01  1.00000E+00
  8.23048E+13  2.41942E-02  6.12164E+10 -8.29986E+01  1.00000E+00
  8.27203E+13  2.35089E-02  5.92845E+10 -8.30016E+01  1.00000E+00
  8.31379E+13  2.28909E-02  5.74149E+10 -8.30373E+01  1.00000E+00
  8.35577E+13  2.23389E-02  5.56015E+10 -8.32115E+01  1.00000E+00
  8.39795E+13  2.18481E-02  5.38388E+10 -8.34826E+01  1.00000E+00
  8.44035E+13  2.14108E-02  5.21218E+10 -8.37783E+01  1.00000E+00
  8.48296E+13  2.10178E-02  5.04462E+10 -8.40886E+01  1.00000E+00
  8.52579E+13  2.06601E-02  4.88084E+10 -8.43696E+01  1.00000E+00
  8.56883E+13  2.03292E-02  4.72058E+10 -8.46276E+01  1.00000E+00
  8.61209E+13  2.00175E-02  4.56362E+10 -8.48743E+01  1.00000E+00
  8.65557E+13  1.97179E-02  4.40981E+10 -8.51465E+01  1.00000E+00
  8.69927E+13  1.94222E-02  4.25906E+10 -8.54780E+01  1.00000E+00
  8.74319E+13  1.91209E-02  4.11135E+10 -8.59011E+01  1.00000E+00
  8.78733E+13  1.88018E-02  3.96675E+10 -8.63851E+01  1.00000E+00
  8.83170E+13  1.84506E-02  3.82540E+10 -8.70044E+01  1.00000E+00
  8.87629E+13  1.80516E-02  3.68760E+10 -8.73533E+01  1.00000E+00
  8.92110E+13  1.75877E-02  3.55371E+10 -8.92878E+01  1.00000E+00
  8.96614E+13  1.70432E-02  3.42427E+10 -8.73624E+01  1.00000E+00
  9.01141E+13  1.64356E-02  3.29978E+10 -8.73154E+01  1.00000E+00
  9.05690E+13  1.57720E-02  3.18061E+10 -8.94186E+01  1.00000E+00
  9.10263E+13  1.50488E-02  3.06715E+10 -8.69719E+01  1.00000E+00
  9.14858E+13  1.42948E-02  2.95968E+10 -8.69224E+01  1.00000E+00
  9.19477E+13  1.35349E-02  2.85828E+10 -8.57268E+01  1.00000E+00
  9.24119E+13  1.28000E-02  2.76282E+10 -8.43533E+01  1.00000E+00
  9.28785E+13  1.21245E-02  2.67295E+10 -8.30749E+01  1.00000E+00
  9.33474E+13  1.15368E-02  2.58806E+10 -8.20232E+01  1.00000E+00
  9.38187E+13  1.10581E-02  2.50742E+10 -7.99754E+01  1.00000E+00
  9.42923E+13  1.06865E-02  2.43019E+10 -8.79228E+01  1.00000E+00
  9.47684E+13  1.03759E-02  2.35575E+10 -8.09990E+01  1.00000E+00
  9.52468E+13  1.01389E-02  2.28361E+10 -8.60370E+01  1.00000E+00
  9.57277E+13  9.94946E-03  2.21331E+10 -8.56898E+01  1.00000E+00
  9.62110E+13  9.79252E-03  2.14457E+10 -8.65317E+01  1.00000E+00
  9.66967E+13  9.65708E-03  2.07719E+10 -8.67648E+01  1.00000E+00
  9.71849E+13  9.53565E-03  2.01102E+10 -8.71703E+01  1.00000E+00
  9.76756E+13  9.42303E-03  1.94599E+10 -8.73323E+01  1.00000E+00
  9.81687E+13  9.31597E-03  1.88203E+10 -8.75352E+01  1.00000E+00
  9.86643E+13  9.21205E-03  1.81912E+10 -8.77309E+01  1.00000E+00
  9.91624E+13  9.10843E-03  1.75721E+10 -8.80313E+01  1.00000E+00
  9.96631E+13  9.00085E-03  1.69633E+10 -8.84624E+01  1.00000E+00
  1.00166E+14  8.88309E-03  1.63650E+10 -8.90124E+01  1.00000E+00
  1.00672E+14  8.74736E-03  1.57782E+10 -8.96044E+01  1.00000E+00
  1.01180E+14  8.58567E-03  1.52041E+10 -9.01088E+01  1.00000E+00
  1.01691E+14  8.39179E-03  1.46446E+10 -9.04342E+01  1.00000E+00
  1.02204E+14  8.16351E-03  1.41017E+10 -9.04640E+01  1.00000E+00
  1.02720E+14  7.90383E-03  1.35775E+10 -9.06176E+01  1.00000E+00
  1.03239E+14  7.62298E-03  1.30736E+10 -8.80513E+01  1.00000E+00
  1.03760E+14  7.34170E-03  1.25904E+10 -8.83211E+01  1.00000E+00
  1.04284E+14  7.07065E-03  1.21274E+10 -8.84677E+01  1.00000E+00
  1.04811E+14  6.81904E-03  1.16835E+10 -8.61101E+01  1.00000E+00
  1.05340E+14  6.60209E-03  1.12568E+10 -8.67427E+01  1.00000E+00
  1.05872E+14  6.42385E-03  1.08447E+10 -8.65974E+01  1.00000E+00
  1.06406E+14  6.28320E-03  1.04447E+10 -8.74574E+01  1.00000E+00
  1.06943E+14  6.17125E-03  1.00546E+10 -8.86215E+01  1.00000E+00
  1.07483E+14  6.07090E-03  9.67300E+09 -9.06697E+01  1.00000E+00
  1.08026E+14  5.96069E-03  9.29975E+09 -9.17365E+01  1.00000E+00
  1.08571E+14  5.81585E-03  8.93609E+09 -9.78731E+01  1.00000E+00
  1.09119E+14  5.61952E-03  8.58483E+09 -8.75342E+01  1.00000E+00
  1.09670E+14  5.39154E-03  8.24829E+09 -9.84444E+01  1.00000E+00
  1.10224E+14  5.11625E-03  7.92871E+09 -9.19987E+01  1.00000E+00
  1.10780E+14  4.81058E-03  7.62842E+09 -9.25641E+01  1.00000E+00
  1.11340E+14  4.49214E-03  7.34847E+09 -9.01532E+01  1.00000E+00
  1.11902E+14  4.18299E-03  7.08883E+09 -8.82698E+01  1.00000E+00
  1.12467E+14  3.90588E-03  6.84802E+09 -8.66583E+01  1.00000E+00
  1.13035E+14  3.68235E-03  6.62338E+09 -8.07026E+01  1.00000E+00
  1.13605E+14  3.52455E-03  6.41105E+09 -8.91186E+01  1.00000E+00
  1.14179E+14  3.40990E-03  6.20767E+09 -8.92100E+01  1.00000E+00
  1.14755E+14  3.32666E-03  6.01110E+09 -8.71120E+01  1.00000E+00
  1.15335E+14  3.27142E-03  5.81950E+09 -9.14578E+01  1.00000E+00
  1.15917E+14  3.23130E-03  5.63157E+09 -9.14799E+01  1.00000E+00
  1.16502E+14  3.19903E-03  5.44666E+09 -9.20725E+01  1.00000E+00
  1.17090E+14  3.17071E-03  5.26439E+09 -9.23901E+01  1.00000E+00
  1.17681E+14  3.14341E-03  5.08462E+09 -9.28097E+01  1.00000E+00
  1.18276E+14  3.11474E-03  4.90733E+09 -9.32866E+01  1.00000E+00
  1.18873E+14  3.08215E-03  4.73264E+09 -9.37246E+01  1.00000E+00
  1.19473E+14  3.04297E-03  4.56084E+09 -9.43192E+01  1.00000E+00
  1.20076E+14  2.99431E-03  4.39233E+09 -9.48317E+01  1.00000E+00
  1.20682E+14  2.93362E-03  4.22770E+09 -9.53130E+01  1.00000E+00
  1.21292E+14  2.85979E-03  4.06762E+09 -9.53593E+01  1.00000E+00
  1.21904E+14  2.77427E-03  3.91273E+09 -9.49372E+01  1.00000E+00
  1.22519E+14  2.68119E-03  3.76352E+09 -9.43916E+01  1.00000E+00
  1.23138E+14  2.58625E-03  3.62021E+09 -9.36615E+01  1.00000E+00
  1.23760E+14  2.49478E-03  3.48267E+09 -9.34824E+01  1.00000E+00
  1.24384E+14  2.40970E-03  3.35059E+09 -9.37397E+01  1.00000E+00
  1.25012E+14  2.33096E-03  3.22356E+09 -9.44260E+01  1.00000E+00
  1.25644E+14  2.25611E-03  3.10124E+09 -9.53338E+01  1.00000E+00
  1.26278E+14  2.18189E-03  2.98349E+09 -9.59906E+01  1.00000E+00
  1.26915E+14  2.10591E-03  2.87028E+09 -9.64771E+01  1.00000E+00
  1.27556E+14  2.02838E-03  2.76168E+09 -9.55000E+01  1.00000E+00
  1.28200E+14  1.95240E-03  2.65765E+09 -9.59961E+01  1.00000E+00
  1.28847E+14  1.88090E-03  2.55800E+09 -9.44821E+01  1.00000E+00
  1.29498E+14  1.81798E-03  2.46233E+09 -9.50303E+01  1.00000E+00
  1.30152E+14  1.76552E-03  2.37012E+09 -9.47199E+01  1.00000E+00
  1.30809E+14  1.72466E-03  2.28077E+09 -9.51382E+01  1.00000E+00
  1.31469E+14  1.69460E-03  2.19366E+09 -9.60169E+01  1.00000E+00
  1.32133E+14  1.67200E-03  2.10831E+09 -9.75633E+01  1.00000E+00
  1.32800E+14  1.65175E-03  2.02445E+09 -9.88887E+01  1.00000E+00
  1.33471E+14  1.62888E-03  1.94208E+09 -9.98870E+01  1.00000E+00
  1.34144E+14  1.60002E-03  1.86140E+09 -1.00298E+02  1.00000E+00
  1.34822E+14  1.56425E-03  1.78274E+09 -1.00307E+02  1.00000E+00
  1.35502E+14  1.52269E-03  1.70639E+09 -1.00024E+02  1.00000E+00
  1.36186E+14  1.47739E-03  1.63257E+09 -9.99819E+01  1.00000E+00
  1.36874E+14  1.43026E-03  1.56140E+09 -1.00064E+02  1.00000E+00
  1.37565E+14  1.38232E-03  1.49289E+09 -1.00648E+02  1.00000E+00
  1.38259E+14  1.33410E-03  1.42706E+09 -1.00105E+02  1.00000E+00
  1.38958E+14  1.28575E-03  1.36389E+09 -1.04418E+02  1.00000E+00
  1.39659E+14  1.24040E-03  1.30337E+09 -1.05107E+02  9.97155E-01
  1.40364E+14  1.19717E-03  1.24545E+09 -1.01914E+02  9.94112E-01
  1.41073E+14  1.16038E-03  1.18990E+09 -1.03784E+02  9.91053E-01
  1.41785E+14  1.13080E-03  1.13635E+09 -1.03584E+02  9.87978E-01
  1.42501E+14  1.10806E-03  1.08445E+09 -1.04841E+02  9.84888E-01
  1.43220E+14  1.09012E-03  1.03389E+09 -1.06100E+02  9.81783E-01
  1.43943E+14  1.07420E-03  9.84504E+08 -1.06786E+02  9.78662E-01
  1.44670E+14  1.05925E-03  9.36225E+08 -1.07125E+02  9.75525E-01
  1.45400E+14  1.04747E-03  8.88963E+08 -1.03226E+02  9.72372E-01
  1.46135E+14  1.04296E-03  8.42459E+08 -1.08664E+02  9.69203E-01
  1.46872E+14  1.04601E-03  7.96373E+08 -1.02290E+02  9.66019E-01
  1.47614E+14  1.06027E-03  7.50312E+08 -1.06926E+02  9.62818E-01
  1.48359E+14  1.08344E-03  7.03794E+08 -1.07609E+02  9.59601E-01
  1.49108E+14  1.10907E-03  6.56597E+08 -1.11331E+02  9.56368E-01
  1.49861E+14  1.12740E-03  6.08803E+08 -1.13925E+02  9.53118E-01
  1.50618E+14  1.13205E-03  5.60938E+08 -1.10478E+02  9.49853E-01
  1.51378E+14  1.12200E-03  5.13576E+08 -1.14527E+02  9.46570E-01
  1.52142E+14  1.09393E-03  4.67399E+08 -1.14144E+02  9.43271E-01
  1.52910E+14  1.04911E-03  4.23138E+08 -1.12524E+02  9.39956E-01
  1.53682E+14  9.91646E-04  3.81358E+08 -1.12901E+02  9.36623E-01
  1.54458E+14  9.25073E-04  3.42462E+08 -1.11613E+02  9.33274E-01
  1.55238E+14  8.53621E-04  3.06692E+08 -1.11366E+02  9.29908E-01
  1.56022E+14  7.81188E-04  2.74109E+08 -1.10769E+02  9.26525E-01
  1.56809E+14  7.10803E-04  2.44639E+08 -1.10562E+02  9.23125E-01
  1.57601E+14  6.44497E-04  2.18106E+08 -1.10612E+02  9.19708E-01
  1.58397E+14  5.83151E-04  1.94284E+08 -1.10960E+02  9.16273E-01
  1.59196E+14  5.26763E-04  1.72935E+08 -1.11651E+02  9.12821E-01
  1.60000E+14  4.74747E-04  1.53840E+08 -1.12260E+02  9.09352E-01
  1.60808E+14  4.26505E-04  1.36807E+08 -1.12758E+02  9.05865E-01
  1.61620E+14  3.81672E-04  1.21669E+08 -1.13170E+02  9.02360E-01
  1.62436E+14  3.40418E-04  1.08266E+08 -1.12324E+02  8.98838E-01
  1.63256E+14  3.03288E-04  9.64282E+07 -1.12944E+02  8.95298E-01
  1.64080E+14  2.70484E-04  8.59722E+07 -1.12549E+02  8.91741E-01
  1.64908E+14  2.41983E-04  7.67182E+07 -1.13480E+02  8.88165E-01
  1.65741E+14  2.17393E-04  6.84973E+07 -1.13723E+02  8.84571E-01
  1.66578E+14  1.96123E-04  6.11634E+07 -1.15116E+02  8.80959E-01
  1.67419E+14  1.77427E-04  5.45970E+07 -1.15746E+02  8.77329E-01
  1.68264E+14  1.60476E-04  4.87096E+07 -1.17927E+02  8.73680E-01
  1.69114E+14  1.44492E-04  4.34430E+07 -1.18425E+02  8.70013E-01
  1.69967E+14  1.29245E-04  3.87608E+07 -1.17044E+02  8.66328E-01
  1.70825E+14  1.14817E-04  3.46245E+07 -1.20663E+02  8.62624E-01
  1.71688E+14  1.01086E-04  3.09995E+07 -1.18355E+02  8.58901E-01
  1.72555E+14  8.83730E-05  2.78502E+07 -1.18443E+02  8.55160E-01
  1.73426E+14  7.70999E-05  2.51267E+07 -1.17475E+02  8.51399E-01
  1.74301E+14  6.75603E-05  2.27693E+07 -1.17466E+02  8.47620E-01
  1.75181E+14  5.99715E-05  2.07122E+07 -1.13712E+02  8.43821E-01
  1.76066E+14  5.41748E-05  1.88868E+07 -1.23361E+02  8.40003E-01
  1.76955E+14  4.94651E-05  1.72440E+07 -1.19347E+02  8.36167E-01
  1.77848E+14  4.55158E-05  1.57528E+07 -1.23334E+02  8.32310E-01
  1.78746E+14  4.21026E-05  1.43900E+07 -1.22282E+02  8.28434E-01
  1.79648E+14  3.90945E-05  1.31392E+07 -1.24172E+02  8.24539E-01
  1.80555E+14  3.63923E-05  1.19875E+07 -1.24233E+02  8.20624E-01
  1.81467E+14  3.39167E-05  1.09252E+07 -1.25818E+02  8.16689E-01
  1.82383E+14  3.15870E-05  9.94499E+06 -1.26158E+02  8.12735E-01
  1.83304E+14  2.93609E-05  9.04199E+06 -1.26563E+02  8.08760E-01
  1.84229E+14  2.72645E-05  8.21151E+06 -1.26591E+02  8.04765E-01
  1.85160E+14  2.53452E-05  7.44778E+06 -1.27064E+02  8.00750E-01
  1.86094E+14  2.36086E-05  6.74417E+06 -1.28064E+02  7.96715E-01
  1.87034E+14  2.20025E-05  6.09503E+06 -1.29262E+02  7.92660E-01
  1.87978E+14  2.04603E-05  5.49668E+06 -1.30157E+02  7.88584E-01
  1.88927E+14  1.89431E-05  4.94706E+06 -1.30652E+02  7.84487E-01
  1.89881E+14  1.74486E-05  4.44467E+06 -1.31138E+02  7.80370E-01
  1.90840E+14  1.59897E-05  3.98784E+06 -1.31672E+02  7.76232E-01
  1.91803E+14  1.45809E-05  3.57454E+06 -1.32209E+02  7.72073E-01
  1.92771E+14  1.32392E-05  3.20238E+06 -1.32535E+02  7.67893E-01
  1.93745E+14  1.19875E-05  2.86852E+06 -1.32844E+02  7.63692E-01
  1.94723E+14  1.08433E-05  2.56958E+06 -1.33485E+02  7.59470E-01
  1.95706E+14  9.80517E-06  2.30206E+06 -1.34482E+02  7.55226E-01
  1.96694E+14  8.85603E-06  2.06281E+06 -1.35448E+02  7.50961E-01
  1.97687E+14  7.98317E-06  1.84923E+06 -1.35832E+02  7.46675E-01
  1.98685E+14  7.19239E-06  1.65888E+06 -1.35972E+02  7.42367E-01
  1.99688E+14  6.49719E-06  1.48906E+06 -1.36504E+02  7.38037E-01
  2.00696E+14  5.89738E-06  1.33698E+06 -1.37666E+02  7.33685E-01
  2.01710E+14  5.37372E-06  1.20014E+06 -1.39069E+02  7.29311E-01
  2.02728E+14  4.90295E-06  1.07671E+06 -1.39937E+02  7.24915E-01
  2.03751E+14  4.47237E-06  9.65357E+05 -1.40609E+02  7.20497E-01
  2.04780E+14  4.07797E-06  8.64935E+05 -1.41426E+02  7.16057E-01
  2.05814E+14  3.71586E-06  7.74417E+05 -1.42430E+02  7.11594E-01
  2.06853E+14  3.38130E-06  6.92913E+05 -1.43229E+02  7.07109E-01
  2.07897E+14  3.07270E-06  6.19644E+05 -1.43831E+02  7.02601E-01
  2.08947E+14  2.79130E-06  5.53840E+05 -1.44602E+02  6.98071E-01
  2.10002E+14  2.53708E-06  4.94734E+05 -1.45532E+02  6.93517E-01
  2.11062E+14  2.30793E-06  4.41609E+05 -1.46417E+02  6.88940E-01
  2.12128E+14  2.10160E-06  3.93822E+05 -1.47259E+02  6.84341E-01
  2.13199E+14  1.91567E-06  3.50794E+05 -1.48356E+02  6.79718E-01
  2.14275E+14  1.74652E-06  3.12026E+05 -1.49443E+02  6.75072E-01
  2.15357E+14  1.59156E-06  2.77108E+05 -1.50118E+02  6.70402E-01
  2.16444E+14  1.45135E-06  2.45666E+05 -1.50682E+02  6.65709E-01
  2.17537E+14  1.32665E-06  2.17309E+05 -1.51870E+02  6.60992E-01
  2.18635E+14  1.21434E-06  1.91676E+05 -1.53446E+02  6.56251E-01
  2.19739E+14  1.10944E-06  1.68513E+05 -1.54448E+02  6.51487E-01
  2.20848E+14  1.01042E-06  1.47646E+05 -1.54903E+02  6.46698E-01
  2.21963E+14  9.18878E-07  1.28897E+05 -1.55852E+02  6.41885E-01
  2.23084E+14  8.34736E-07  1.12064E+05 -1.57419E+02  6.37048E-01
  2.24210E+14  7.55579E-07  9.69855E+04 -1.58602E+02  6.32186E-01
  2.25342E+14  6.80397E-07  8.35452E+04 -1.59152E+02  6.27300E-01
  2.26480E+14  6.10548E-07  7.16214E+04 -1.59952E+02  6.22389E-01
  2.27623E+14  5.46962E-07  6.10681E+04 -1.61252E+02  6.17454E-01
  2.28772E+14  4.88962E-07  5.17443E+04 -1.62456E+02  6.12493E-01
  2.29927E+14  4.35678E-07  4.35310E+04 -1.63446E+02  6.07507E-01
  2.31088E+14  3.86662E-07  3.63231E+04 -1.64633E+02  6.02497E-01
  2.32255E+14  3.41110E-07  3.00276E+04 -1.66145E+02  5.97461E-01
  2.33428E+14  2.97634E-07  2.45742E+04 -1.67686E+02  5.92399E-01
  2.34606E+14  2.55092E-07  1.99178E+04 -1.68986E+02  5.87312E-01
  2.35790E+14  2.13568E-07  1.60247E+04 -1.69592E+02  5.82199E-01
  2.36981E+14  1.74811E-07  1.28474E+04 -1.69682E+02  5.77061E-01
  2.38177E+14  1.41191E-07  1.03022E+04 -1.69952E+02  5.71896E-01
  2.39380E+14  1.14015E-07  8.27788E+03 -1.71260E+02  5.66706E-01
  2.40588E+14  9.27943E-08  6.65980E+03 -1.73724E+02  5.61489E-01
  2.41803E+14  7.59056E-08  5.35737E+03 -1.75796E+02  5.56246E-01
  2.43024E+14  6.18922E-08  4.30796E+03 -1.77391E+02  5.50977E-01
  2.44251E+14  5.01321E-08  3.46790E+03 -1.77640E+02  5.45680E-01
  2.45484E+14  4.06415E-08  2.79801E+03 -1.78329E+02  5.40357E-01
  2.46723E+14  3.32531E-08  2.26074E+03 -1.80877E+02  5.35008E-01
  2.47969E+14  2.73124E-08  1.82603E+03 -1.84010E+02  5.29631E-01
  2.49221E+14  2.22820E-08  1.47550E+03 -1.84569E+02  5.24227E-01
  2.50479E+14  1.81293E-08  1.19467E+03 -1.85049E+02  5.18796E-01
  2.51744E+14  1.48816E-08  9.68975E+02 -1.88950E+02  5.13337E-01
  2.53015E+14  1.22823E-08  7.85651E+02 -1.91200E+02  5.07851E-01
  2.54292E+14  1.00686E-08  6.37214E+02 -1.91804E+02  5.02337E-01
  2.55576E+14  8.23442E-09  5.17794E+02 -1.92024E+02  4.96795E-01
  2.56866E+14  6.79855E-09  4.21356E+02 -1.94897E+02  4.91226E-01
  2.58163E+14  5.64028E-09  3.42622E+02 -1.98108E+02  4.85628E-01
  2.59466E+14  4.64311E-09  2.78635E+02 -1.98886E+02  4.80002E-01
  2.60776E+14  3.81972E-09  2.26957E+02 -2.00003E+02  4.74347E-01
  2.62093E+14  3.17740E-09  1.84954E+02 -2.04743E+02  4.68664E-01
  2.63416E+14  2.64524E-09  1.50471E+02 -2.07148E+02  4.62953E-01
  2.64746E+14  2.17693E-09  1.22457E+02 -2.07221E+02  4.57212E-01
  2.66083E+14  1.80024E-09  9.98194E+01 -2.08552E+02  4.51442E-01
  2.67426E+14  1.50998E-09  8.12727E+01 -2.12527E+02  4.45644E-01
  2.68776E+14  1.25766E-09  6.59867E+01 -2.15163E+02  4.39816E-01
  2.70133E+14  1.03364E-09  5.36129E+01 -2.14057E+02  4.33958E-01
  2.71497E+14  8.62779E-10  4.35882E+01 -2.20891E+02  4.28071E-01
  2.72867E+14  7.29236E-10  3.52813E+01 -2.23595E+02  4.22155E-01
  2.74245E+14  6.05110E-10  2.84439E+01 -2.25854E+02  4.16208E-01
  2.75630E+14  4.94636E-10  2.29418E+01 -2.24311E+02  4.10232E-01
  2.77021E+14  4.06857E-10  1.85201E+01 -2.32436E+02  4.04225E-01
  2.78420E+14  3.34285E-10  1.49451E+01 -2.33022E+02  3.98188E-01
  2.79825E+14  2.73877E-10  1.20807E+01 -2.35870E+02  3.92120E-01
  2.81238E+14  2.26036E-10  9.77008E+00 -2.41876E+02  3.86022E-01
  2.82658E+14  1.85671E-10  7.90300E+00 -2.45050E+02  3.79893E-01
  2.84085E+14  1.52373E-10  6.40799E+00 -2.46624E+02  3.73733E-01
  2.85519E+14  1.26697E-10  5.19845E+00 -2.54197E+02  3.67542E-01
  2.86961E+14  1.04744E-10  4.21306E+00 -2.55753E+02  3.61320E-01
  2.88410E+14  8.59779E-11  3.42346E+00 -2.56820E+02  3.55066E-01
  2.89866E+14  7.15097E-11  2.78507E+00 -2.66338E+02  3.48781E-01
  2.91329E+14  5.91981E-11  2.26528E+00 -2.67252E+02  3.42464E-01
  2.92800E+14  4.89185E-11  1.84802E+00 -2.70265E+02  3.36115E-01
  2.94278E+14  4.06610E-11  1.50839E+00 -2.78726E+02  3.29734E-01
  2.95764E+14  3.37096E-11  1.23455E+00 -2.78130E+02  3.23321E-01
  2.97257E+14  2.85089E-11  1.01112E+00 -2.92053E+02  3.16876E-01
  2.98758E+14  2.39511E-11  8.25989E-01 -2.93869E+02  3.10398E-01
  3.00266E+14  1.97477E-11  6.76867E-01 -2.97979E+02  3.03887E-01
  3.01782E+14  1.66137E-11  5.56263E-01 -3.09469E+02  2.97343E-01
  3.03306E+14  1.40444E-11  4.56412E-01 -3.18594E+02  2.90767E-01
  3.04837E+14  1.16412E-11  3.75440E-01 -3.21119E+02  2.84157E-01
  3.06376E+14  9.83140E-12  3.10008E-01 -3.30590E+02  2.77514E-01
  3.07923E+14  8.42075E-12  2.55427E-01 -3.40343E+02  2.70837E-01
  3.09477E+14  7.02429E-12  2.10672E-01 -3.42877E+02  2.64126E-01
  3.11040E+14  5.90795E-12  1.74679E-01 -3.43950E+02  2.57382E-01
  3.12610E+14  5.10150E-12  1.44712E-01 -3.49565E+02  2.50604E-01
  3.14188E+14  4.30853E-12  1.19818E-01 -3.53869E+02  2.43791E-01
  3.15775E+14  3.61542E-12  9.97583E-02 -3.74056E+02  2.36944E-01
  3.17369E+14  3.12790E-12  8.31824E-02 -3.86552E+02  2.30062E-01
  3.18971E+14  2.69802E-12  6.92709E-02 -4.03063E+02  2.23146E-01
  3.20582E+14  2.27530E-12  5.78664E-02 -4.07042E+02  2.16195E-01
  3.22200E+14  1.95801E-12  4.85836E-02 -4.23666E+02  2.09208E-01
  3.23827E+14  1.70941E-12  4.07464E-02 -4.29268E+02  2.02187E-01
  3.25462E+14  1.45704E-12  3.42700E-02 -4.53386E+02  1.95130E-01
  3.27105E+14  1.25803E-12  2.89816E-02 -4.63211E+02  1.88037E-01
  3.28756E+14  1.10552E-12  2.45288E-02 -4.71238E+02  1.80908E-01
  3.30416E+14  9.54550E-13  2.08248E-02 -4.69674E+02  1.73744E-01
  3.32084E+14  8.36649E-13  1.77737E-02 -4.79008E+02  1.66543E-01
  3.33761E+14  7.38228E-13  1.51843E-02 -4.83368E+02  1.59306E-01
  3.35446E+14  6.40708E-13  1.30470E-02 -5.03404E+02  1.52033E-01
  3.37139E+14  5.70035E-13  1.12707E-02 -5.15918E+02  1.44722E-01
  3.38841E+14  5.04937E-13  9.75949E-03 -5.33087E+02  1.37375E-01
  3.40552E+14  4.44470E-13  8.52129E-03 -5.40565E+02  1.29991E-01
  3.42271E+14  3.97461E-13  7.47430E-03 -5.69417E+02  1.22569E-01
  3.43999E+14  3.54838E-13  6.60877E-03 -5.76582E+02  1.15110E-01
  3.45736E+14  3.19415E-13  5.87577E-03 -5.99829E+02  1.07613E-01
  3.47482E+14  2.90383E-13  5.27130E-03 -5.93932E+02  1.00079E-01
  3.49236E+14  2.61938E-13  4.74395E-03 -5.99900E+02  9.99988E-02
  3.50999E+14  2.36792E-13  4.26547E-03 -5.94216E+02  9.99953E-02
  3.52771E+14  2.13571E-13  3.84056E-03 -5.95227E+02  9.99893E-02
  3.54552E+14  1.93901E-13  3.45439E-03 -5.90462E+02  9.99809E-02
  3.56342E+14  1.75984E-13  3.10850E-03 -5.88926E+02  9.99700E-02
  3.58141E+14  1.59425E-13  2.79377E-03 -5.81419E+02  9.99565E-02
  3.59949E+14  1.43802E-13  2.51324E-03 -5.79429E+02  9.99405E-02
  3.61767E+14  1.29997E-13  2.25926E-03 -5.69155E+02  9.99218E-02
  3.63593E+14  1.17661E-13  2.03250E-03 -5.65364E+02  9.99005E-02
  3.65429E+14  1.06813E-13  1.82639E-03 -5.62720E+02  9.98766E-02
  3.67274E+14  9.62350E-14  1.64190E-03 -5.61908E+02  9.98498E-02
  3.69128E+14  8.68239E-14  1.47585E-03 -5.66864E+02  9.98204E-02
  3.70992E+14  7.83477E-14  1.32735E-03 -5.68008E+02  9.97881E-02
  3.72865E+14  7.10638E-14  1.19328E-03 -5.75613E+02  9.97529E-02
  3.74747E+14  6.41723E-14  1.07269E-03 -5.80584E+02  9.97149E-02
  3.76639E+14  5.79342E-14  9.64390E-04 -5.99140E+02  9.96739E-02
  3.78541E+14  5.22124E-14  8.67199E-04 -6.04741E+02  9.96299E-02
  3.80452E+14  4.73054E-14  7.79975E-04 -6.17784E+02  9.95830E-02
  3.82372E+14  4.27677E-14  7.01360E-04 -6.18873E+02  9.95329E-02
  3.84303E+14  3.87040E-14  6.30902E-04 -6.21837E+02  9.94797E-02
  3.86243E+14  3.49062E-14  5.67331E-04 -6.06731E+02  9.94234E-02
  3.88193E+14  3.16113E-14  5.10552E-04 -6.04002E+02  9.93639E-02
  3.90153E+14  2.86302E-14  4.59117E-04 -5.89651E+02  9.93011E-02
  3.92123E+14  2.59569E-14  4.13006E-04 -5.91148E+02  9.92351E-02
  3.94102E+14  2.34487E-14  3.71200E-04 -5.88708E+02  9.91657E-02
  3.96092E+14  2.12722E-14  3.33883E-04 -6.01253E+02  9.90929E-02
  3.98092E+14  1.92898E-14  2.99879E-04 -6.02263E+02  9.90166E-02
  4.00102E+14  1.74821E-14  2.69551E-04 -6.24312E+02  9.89369E-02
  4.02122E+14  1.58062E-14  2.41975E-04 -6.31635E+02  9.88537E-02
  4.04152E+14  1.43388E-14  2.17435E-04 -6.49783E+02  9.87668E-02
  4.06192E+14  1.29920E-14  1.95054E-04 -6.46611E+02  9.86763E-02
  4.08243E+14  1.17372E-14  1.75188E-04 -6.43763E+02  9.85821E-02
  4.10304E+14  1.06421E-14  1.57135E-04 -6.18303E+02  9.84842E-02
  4.12376E+14  9.62729E-15  1.41036E-04 -6.20440E+02  9.83825E-02
  4.14458E+14  8.70824E-15  1.26473E-04 -5.83645E+02  9.82769E-02
  4.16550E+14  7.86759E-15  1.13451E-04 -5.64733E+02  9.81674E-02
  4.18653E+14  7.11385E-15  1.01698E-04 -5.24411E+02  9.80540E-02
  4.20767E+14  6.40465E-15  9.11459E-05 -5.17315E+02  9.79365E-02
  4.22891E+14  5.80002E-15  8.17301E-05 -5.56096E+02  9.78150E-02
  4.25026E+14  5.22081E-15  7.31683E-05 -5.71077E+02  9.76894E-02
  4.27172E+14  4.72525E-15  6.55353E-05 -6.27011E+02  9.75595E-02
  4.29328E+14  4.25759E-15  5.86215E-05 -7.57848E+02  9.74254E-02
  4.31496E+14  3.85659E-15  5.24690E-05 -8.21209E+02  9.72870E-02
  4.33674E+14  3.48011E-15  4.69157E-05 -8.42762E+02  9.71443E-02
  4.35864E+14  3.15918E-15  4.20437E-05 -8.53649E+02  9.69971E-02
  4.38064E+14  2.85491E-15  3.75701E-05 -7.41785E+02  9.68455E-02
  4.40276E+14  2.59564E-15  3.36455E-05 -6.89053E+02  9.66892E-02
  4.42499E+14  2.34775E-15  3.00499E-05 -4.66353E+02  9.65284E-02
  4.44733E+14  2.13525E-15  2.68522E-05 -4.10232E+02  9.63629E-02
  4.46978E+14  1.93209E-15  2.39310E-05 -3.31117E+02  9.61927E-02
  4.49235E+14  1.75613E-15  2.12816E-05 -3.26058E+02  9.60176E-02
  4.51503E+14  1.58566E-15  1.88616E-05 -4.37810E+02  9.58377E-02
  4.53782E+14  1.44107E-15  1.67037E-05 -6.71615E+02  9.56529E-02
  4.56073E+14  1.30029E-15  1.47271E-05 -7.92309E+02  9.54630E-02
  4.58376E+14  1.18477E-15  1.30130E-05 -8.71618E+02  9.52681E-02
  4.60690E+14  1.07065E-15  1.14289E-05 -8.57922E+02  9.50680E-02
  4.63016E+14  9.79193E-16  1.00582E-05 -8.63719E+02  9.48627E-02
  4.65354E+14  8.81958E-16  8.76244E-06 -7.76958E+02  9.46521E-02
  4.67703E+14  7.89211E-16  7.66552E-06 -7.61978E+02  9.44362E-02
  4.70064E+14  6.92075E-16  6.65004E-06 -6.60833E+02  9.42148E-02
  4.72437E+14  6.08191E-16  5.81376E-06 -6.42146E+02  9.39879E-02
  4.74823E+14  5.35108E-16  5.03838E-06 -5.47082E+02  9.37555E-02
  4.77220E+14  4.69370E-16  4.40204E-06 -5.27072E+02  9.35173E-02
  4.79629E+14  4.11328E-16  3.81069E-06 -4.58336E+02  9.32735E-02
  4.82051E+14  3.60038E-16  3.32610E-06 -5.06171E+02  9.30238E-02
  4.84484E+14  3.15380E-16  2.87313E-06 -5.32664E+02  9.27682E-02
  4.86930E+14  2.76284E-16  2.50644E-06 -7.69758E+02  9.25067E-02
  4.89389E+14  2.41911E-16  2.16383E-06 -8.15796E+02  9.22391E-02
  4.91859E+14  2.11562E-16  1.88396E-06 -9.79011E+02  9.19654E-02
  4.94343E+14  1.85481E-16  1.63265E-06 -9.66810E+02  9.16854E-02
  4.96838E+14  1.62483E-16  1.42554E-06 -9.65462E+02  9.13991E-02
  4.99347E+14  1.42274E-16  1.23665E-06 -6.87974E+02  9.11065E-02
  5.01868E+14  1.24628E-16  1.08029E-06 -6.14511E+02  9.08074E-02
  5.04402E+14  1.09335E-16  9.41572E-07 -4.16470E+02  9.05017E-02
  5.06948E+14  9.55165E-17  8.18721E-07 -4.05427E+02  9.01893E-02
  5.09508E+14  8.36705E-17  7.12475E-07 -4.17654E+02  8.98703E-02
  5.12080E+14  7.30271E-17  6.18592E-07 -6.28759E+02  8.95443E-02
  5.14665E+14  6.39928E-17  5.39080E-07 -7.21334E+02  8.92115E-02
  5.17264E+14  5.58193E-17  4.67708E-07 -7.95165E+02  8.88716E-02
  5.19875E+14  4.90566E-17  4.10073E-07 -8.24949E+02  8.85246E-02
  5.22500E+14  4.27782E-17  3.56236E-07 -7.35285E+02  8.81704E-02
  5.25138E+14  3.76490E-17  3.13219E-07 -7.56765E+02  8.78089E-02
  5.27789E+14  3.28562E-17  2.72527E-07 -6.43963E+02  8.74400E-02
  5.30453E+14  2.89327E-17  2.40076E-07 -6.79051E+02  8.70636E-02
  5.33132E+14  2.53054E-17  2.09353E-07 -5.66612E+02  8.66796E-02
  5.35823E+14  2.22972E-17  1.84731E-07 -6.06741E+02  8.62878E-02
  5.38528E+14  1.95264E-17  1.61526E-07 -4.95835E+02  8.58883E-02
  5.41247E+14  1.72358E-17  1.42723E-07 -5.52403E+02  8.54808E-02
  5.43980E+14  1.51310E-17  1.25138E-07 -4.82526E+02  8.50653E-02
  5.46726E+14  1.33781E-17  1.10675E-07 -5.94079E+02  8.46417E-02
  5.49486E+14  1.17763E-17  9.73383E-08 -5.68114E+02  8.42098E-02
  5.52261E+14  1.04310E-17  8.61986E-08 -6.55408E+02  8.37695E-02
  5.55049E+14  9.21586E-18  7.61550E-08 -5.84799E+02  8.33208E-02
  5.57851E+14  8.18175E-18  6.76097E-08 -5.98270E+02  8.28635E-02
  5.60667E+14  7.25981E-18  5.99912E-08 -4.22566E+02  8.23975E-02
  5.63498E+14  6.45621E-18  5.33507E-08 -3.55691E+02  8.19227E-02
  5.66343E+14  5.75580E-18  4.75629E-08 -1.18382E+02  8.14390E-02
  5.69202E+14  5.11729E-18  4.22923E-08 -6.21464E+01  8.09462E-02
  5.72076E+14  4.57404E-18  3.78053E-08 -7.40004E+01  8.04442E-02
  5.74964E+14  4.06833E-18  3.36186E-08 -6.16425E+01  7.99329E-02
  5.77867E+14  3.64988E-18  3.01607E-08  7.38562E+01  7.94122E-02
  5.80784E+14  3.25426E-18  2.68915E-08  1.39582E+02  7.88819E-02
  5.83716E+14  2.94168E-18  2.43085E-08  4.66885E+02  7.83420E-02
  5.86663E+14  2.61800E-18  2.16337E-08  6.97627E+02  7.77922E-02
  5.89625E+14  2.38011E-18  1.96680E-08  7.86987E+02  7.72325E-02
  5.92602E+14  2.11600E-18  1.74855E-08  1.09279E+03  7.66627E-02
  5.95594E+14  1.93530E-18  1.59923E-08  1.18912E+03  7.60827E-02
  5.98601E+14  1.72403E-18  1.42465E-08  1.82568E+03  7.54923E-02
  6.01623E+14  1.58330E-18  1.30835E-08  2.00605E+03  7.48914E-02
  6.04660E+14  1.41760E-18  1.17143E-08  2.69822E+03  7.42799E-02
  6.07713E+14  1.30054E-18  1.07470E-08  2.91375E+03  7.36576E-02
  6.10781E+14  1.16241E-18  9.60550E-09  3.19626E+03  7.30244E-02
  6.13865E+14  1.06879E-18  8.83194E-09  3.22284E+03  7.23801E-02
  6.16964E+14  9.54409E-19  7.88673E-09  3.49957E+03  7.17246E-02
  6.20079E+14  8.81687E-19  7.28580E-09  3.52817E+03  7.10577E-02
  6.23210E+14  7.89724E-19  6.52587E-09  4.02661E+03  7.03793E-02
  6.26356E+14  7.32055E-19  6.04931E-09  4.15409E+03  6.96892E-02
  6.29518E+14  6.58894E-19  5.44475E-09  4.85968E+03  6.89872E-02
  6.32696E+14  6.11823E-19  5.05578E-09  5.07317E+03  6.82732E-02
  6.35891E+14  5.53267E-19  4.57191E-09  5.84922E+03  6.75471E-02
  6.39101E+14  5.14111E-19  4.24834E-09  6.12054E+03  6.68086E-02
  6.42328E+14  4.66500E-19  3.85491E-09  6.92719E+03  6.60576E-02
  6.45571E+14  4.33860E-19  3.58519E-09  7.17592E+03  6.52939E-02
  6.48830E+14  3.95603E-19  3.26905E-09  8.09493E+03  6.45174E-02
  6.52106E+14  3.68119E-19  3.04194E-09  8.47072E+03  6.37279E-02
  6.55398E+14  3.37997E-19  2.79303E-09  9.65881E+03  6.29251E-02
  6.58707E+14  3.14952E-19  2.60260E-09  1.02142E+04  6.21090E-02
  6.62032E+14  2.90608E-19  2.40143E-09  1.15635E+04  6.12793E-02
  6.65375E+14  2.70783E-19  2.23761E-09  1.21786E+04  6.04358E-02
  6.68734E+14  2.50639E-19  2.07115E-09  1.35303E+04  5.95784E-02
  6.72110E+14  2.33568E-19  1.93008E-09  1.41711E+04  5.87069E-02
  6.75503E+14  2.16862E-19  1.79203E-09  1.55593E+04  5.78210E-02
  6.78914E+14  2.02437E-19  1.67283E-09  1.62546E+04  5.69206E-02
  6.82341E+14  1.88617E-19  1.55863E-09  1.77761E+04  5.60055E-02
  6.85786E+14  1.76529E-19  1.45874E-09  1.85543E+04  5.50755E-02
  6.89249E+14  1.64983E-19  1.36333E-09  2.02106E+04  5.41303E-02
  6.92728E+14  1.54672E-19  1.27812E-09  2.10577E+04  5.31698E-02
  6.96226E+14  1.44830E-19  1.19680E-09  2.27837E+04  5.21937E-02
  6.99741E+14  1.35979E-19  1.12366E-09  2.36866E+04  5.12018E-02
  7.03273E+14  1.27559E-19  1.05408E-09  2.54889E+04  5.01940E-02
  7.06824E+14  1.20076E-19  9.92242E-10  2.64666E+04  4.91699E-02
  7.10393E+14  1.12864E-19  9.32645E-10  2.84773E+04  4.81294E-02
  7.13979E+14  1.06639E-19  8.81206E-10  2.96086E+04  4.70723E-02
  7.17584E+14  1.00524E-19  8.30680E-10  3.18049E+04  4.59982E-02
  7.21207E+14  9.51032E-20  7.85883E-10  3.31363E+04  4.49070E-02
  7.24848E+14  8.97526E-20  7.41669E-10  3.53451E+04  4.37984E-02
  7.28507E+14  8.50058E-20  7.02443E-10  3.66058E+04  4.26723E-02
  7.32185E+14  8.03423E-20  6.63907E-10  3.86877E+04  4.15282E-02
  7.35882E+14  7.62085E-20  6.29747E-10  3.99014E+04  4.03660E-02
  7.39597E+14  7.20586E-20  5.95454E-10  4.21125E+04  3.91855E-02
  7.43331E+14  6.84913E-20  5.65976E-10  4.34330E+04  3.79863E-02
  7.47084E+14  6.48920E-20  5.36233E-10  4.57947E+04  3.67683E-02
  7.50855E+14  6.18691E-20  5.11254E-10  4.72286E+04  3.55310E-02
  7.54646E+14  5.87206E-20  4.85236E-10  4.97722E+04  3.42744E-02
  7.58456E+14  5.60569E-20  4.63225E-10  5.14383E+04  3.29981E-02
  7.62285E+14  5.33217E-20  4.40622E-10  5.40454E+04  3.17017E-02
  7.66134E+14  5.10193E-20  4.21597E-10  5.57477E+04  3.03851E-02
  7.70002E+14  4.86014E-20  4.01617E-10  5.83740E+04  2.90480E-02
  7.73889E+14  4.65027E-20  3.84274E-10  6.02371E+04  2.76899E-02
  7.77796E+14  4.43532E-20  3.66511E-10  6.28816E+04  2.63108E-02
  7.81723E+14  4.26350E-20  3.52313E-10  6.45014E+04  2.49102E-02
  7.85670E+14  4.06533E-20  3.35937E-10  6.73049E+04  2.34878E-02
  7.89636E+14  3.90703E-20  3.22856E-10  6.91356E+04  2.20434E-02
  7.93623E+14  3.72384E-20  3.07718E-10  7.21095E+04  2.05766E-02
  7.97630E+14  3.58147E-20  2.95954E-10  7.40751E+04  1.90870E-02
  8.01657E+14  3.41778E-20  2.82427E-10  7.70643E+04  1.75745E-02
  8.05704E+14  3.29701E-20  2.72447E-10  7.89310E+04  1.60385E-02
  8.09772E+14  3.14845E-20  2.60172E-10  8.19282E+04  1.44789E-02
  8.13860E+14  3.04277E-20  2.51438E-10  8.37619E+04  1.28952E-02
  8.17969E+14  2.90821E-20  2.40319E-10  8.67341E+04  1.12871E-02
  8.22099E+14  2.80551E-20  2.31832E-10  8.88889E+04  9.65419E-03
  8.26249E+14  2.69487E-20  2.22690E-10  9.15351E+04  7.99619E-03
  8.30421E+14  2.59321E-20  2.14289E-10  9.41214E+04  6.31271E-03
  8.34613E+14  2.49762E-20  2.06390E-10  9.67472E+04  4.60336E-03
  8.38827E+14  2.40739E-20  1.98934E-10  9.94277E+04  2.86777E-03
  8.43062E+14  2.32207E-20  1.91884E-10  1.02159E+05  1.10554E-03
  8.47318E+14  2.24112E-20  1.85195E-10  1.04932E+05 -6.83706E-04
  8.51596E+14  2.16406E-20  1.78827E-10  1.07737E+05 -2.50038E-03
  8.55895E+14  2.09048E-20  1.72746E-10  1.10567E+05 -4.34489E-03
  8.60216E+14  2.02010E-20  1.66930E-10  1.13416E+05 -6.21764E-03
  8.64559E+14  1.95274E-20  1.61364E-10  1.16284E+05 -8.11905E-03
  8.68924E+14  1.88831E-20  1.56040E-10  1.19175E+05 -1.00496E-02
  8.73311E+14  1.82679E-20  1.50957E-10  1.22093E+05 -1.20096E-02
  8.77720E+14  1.76819E-20  1.46113E-10  1.25049E+05 -1.39996E-02
  8.82151E+14  1.71245E-20  1.41507E-10  1.28048E+05 -1.60201E-02
  8.86605E+14  1.65946E-20  1.37129E-10  1.31094E+05 -1.80714E-02
  8.91081E+14  1.60902E-20  1.32961E-10  1.34184E+05 -2.01540E-02
  8.95580E+14  1.56087E-20  1.28982E-10  1.37312E+05 -2.22685E-02
  9.00101E+14  1.51475E-20  1.25171E-10  1.40471E+05 -2.44153E-02
  9.04646E+14  1.47045E-20  1.21511E-10  1.43654E+05 -2.65949E-02
  9.09213E+14  1.42778E-20  1.17984E-10  1.46852E+05 -2.88078E-02
  9.13803E+14  1.38656E-20  1.14578E-10  1.50062E+05 -3.10545E-02
  9.18417E+14  1.34667E-20  1.11282E-10  1.53276E+05 -3.33356E-02
  9.23054E+14  1.30803E-20  1.08089E-10  1.56494E+05 -3.56515E-02
  9.27714E+14  1.27061E-20  1.04997E-10  1.59716E+05 -3.80027E-02
  9.32397E+14  1.23445E-20  1.02008E-10  1.62947E+05 -4.03900E-02
  9.37105E+14  1.19960E-20  9.91284E-11  1.66195E+05 -4.28137E-02
  9.41836E+14  1.16609E-20  9.63598E-11  1.69469E+05 -4.52745E-02
  9.46591E+14  1.13393E-20  9.37017E-11  1.72771E+05 -4.77729E-02
  9.51370E+14  1.10303E-20  9.11490E-11  1.76103E+05 -5.03096E-02
  9.56173E+14  1.07332E-20  8.86933E-11  1.79461E+05 -5.28851E-02
  9.61001E+14  1.04466E-20  8.63249E-11  1.82841E+05 -5.55000E-02
  9.65852E+14  1.01693E-20  8.40340E-11  1.86234E+05 -5.81550E-02
  9.70729E+14  9.90046E-21  8.18122E-11  1.89636E+05 -6.08507E-02
  9.75629E+14  9.63905E-21  7.96520E-11  1.93040E+05 -6.35877E-02
  9.80555E+14  9.38447E-21  7.75483E-11  1.96442E+05 -6.63668E-02
  9.85506E+14  9.13627E-21  7.54973E-11  1.99839E+05 -6.91885E-02
  9.90481E+14  8.89431E-21  7.34979E-11  2.03231E+05 -7.20535E-02
  9.95482E+14  8.65865E-21  7.15505E-11  2.06620E+05 -7.49626E-02
  1.00051E+15  8.42961E-21  6.96578E-11  2.10011E+05 -7.79165E-02
  1.00556E+15  8.20761E-21  6.78234E-11  2.13410E+05 -8.09158E-02
  1.01064E+15  7.99316E-21  6.60512E-11  2.16826E+05 -8.39614E-02
  1.01574E+15  7.78663E-21  6.43446E-11  2.20267E+05 -8.70539E-02
  1.02087E+15  7.58830E-21  6.27057E-11  2.23742E+05 -9.01941E-02
  1.02602E+15  7.39816E-21  6.11345E-11  2.27254E+05 -9.33829E-02
  1.03120E+15  7.21600E-21  5.96292E-11  2.30808E+05 -9.66210E-02
  1.03641E+15  7.04132E-21  5.81857E-11  2.34401E+05 -9.99091E-02
  1.04164E+15  6.87351E-21  5.67991E-11  2.38031E+05 -1.03248E-01
  1.04690E+15  6.71188E-21  5.54635E-11  2.41693E+05 -1.06639E-01
  1.05218E+15  6.55582E-21  5.41738E-11  2.45384E+05 -1.10083E-01
  1.05749E+15  6.40479E-21  5.29258E-11  2.49097E+05 -1.13580E-01
  1.06283E+15  6.25844E-21  5.17165E-11  2.52834E+05 -1.17131E-01
  1.06820E+15  6.11650E-21  5.05435E-11  2.56589E+05 -1.20738E-01
  1.07359E+15  5.97878E-21  4.94055E-11  2.60366E+05 -1.24401E-01
  1.07901E+15  5.84511E-21  4.83009E-11  2.64163E+05 -1.28121E-01
  1.08446E+15  5.71535E-21  4.72286E-11  2.67980E+05 -1.31900E-01
  1.08994E+15  5.58927E-21  4.61868E-11  2.71816E+05 -1.35737E-01
  1.09544E+15  5.46669E-21  4.51738E-11  2.75671E+05 -1.39635E-01
  1.10097E+15  5.34732E-21  4.41874E-11  2.79540E+05 -1.43594E-01
  1.10653E+15  5.23091E-21  4.32254E-11  2.83424E+05 -1.47616E-01
  1.11211E+15  5.11717E-21  4.22856E-11  2.87316E+05 -1.51700E-01
  1.11773E+15  5.00589E-21  4.13661E-11  2.91215E+05 -1.55849E-01
  1.12337E+15  4.89685E-21  4.04650E-11  2.95118E+05 -1.60064E-01
  1.12904E+15  4.78994E-21  3.95815E-11  2.99023E+05 -1.64345E-01
  1.13474E+15  4.68505E-21  3.87148E-11  3.02928E+05 -1.68694E-01
  1.14047E+15  4.58217E-21  3.78646E-11  3.06835E+05 -1.73112E-01
  1.14623E+15  4.48126E-21  3.70308E-11  3.10741E+05 -1.77601E-01
  1.15202E+15  4.38230E-21  3.62130E-11  3.14648E+05 -1.82160E-01
  1.15783E+15  4.28527E-21  3.54113E-11  3.18555E+05 -1.86793E-01
  1.16368E+15  4.19021E-21  3.46257E-11  3.22465E+05 -1.91500E-01
  1.16955E+15  4.09717E-21  3.38568E-11  3.26377E+05 -1.96282E-01
  1.17546E+15  4.00630E-21  3.31059E-11  3.30298E+05 -2.01141E-01
  1.18139E+15  3.91779E-21  3.23745E-11  3.34231E+05 -2.06078E-01
  1.18736E+15  3.83184E-21  3.16643E-11  3.38185E+05 -2.11094E-01
  1.19335E+15  3.74859E-21  3.09764E-11  3.42164E+05 -2.16192E-01
  1.19938E+15  3.66814E-21  3.03116E-11  3.46176E+05 -2.21372E-01
  1.20543E+15  3.59042E-21  2.96694E-11  3.50218E+05 -2.26635E-01
  1.21152E+15  3.51532E-21  2.90488E-11  3.54295E+05 -2.31985E-01
  1.21763E+15  3.44263E-21  2.84481E-11  3.58402E+05 -2.37421E-01
  1.22378E+15  3.37213E-21  2.78655E-11  3.62537E+05 -2.42946E-01
  1.22996E+15  3.30359E-21  2.72992E-11  3.66695E+05 -2.48562E-01
  1.23617E+15  3.23683E-21  2.67474E-11  3.70874E+05 -2.54269E-01
  1.24241E+15  3.17167E-21  2.62090E-11  3.75070E+05 -2.60071E-01
  1.24868E+15  3.10800E-21  2.56828E-11  3.79283E+05 -2.65967E-01
  1.25499E+15  3.04570E-21  2.51681E-11  3.83508E+05 -2.71961E-01
  1.26132E+15  2.98471E-21  2.46640E-11  3.87746E+05 -2.78054E-01
  1.26769E+15  2.92495E-21  2.41702E-11  3.91995E+05 -2.84249E-01
  1.27409E+15  2.86640E-21  2.36864E-11  3.96256E+05 -2.90546E-01
  1.28052E+15  2.80905E-21  2.32125E-11  4.00527E+05 -2.96948E-01
  1.28699E+15  2.75294E-21  2.27488E-11  4.04814E+05 -3.03457E-01
  1.29349E+15  2.69809E-21  2.22956E-11  4.09115E+05 -3.10075E-01
  1.30002E+15  2.64456E-21  2.18533E-11  4.13438E+05 -3.16804E-01
  1.30658E+15  2.59238E-21  2.14221E-11  4.17780E+05 -3.23646E-01
  1.31318E+15  2.54158E-21  2.10022E-11  4.22148E+05 -3.30604E-01
  1.31981E+15  2.49214E-21  2.05937E-11  4.26541E+05 -3.37680E-01
  1.32647E+15  2.44406E-21  2.01964E-11  4.30963E+05 -3.44876E-01
  1.33317E+15  2.39730E-21  1.98100E-11  4.35412E+05 -3.52195E-01
  1.33990E+15  2.35181E-21  1.94341E-11  4.39891E+05 -3.59638E-01
  1.34666E+15  2.30752E-21  1.90681E-11  4.44396E+05 -3.67209E-01
  1.35346E+15  2.26435E-21  1.87114E-11  4.48930E+05 -3.74910E-01
  1.36029E+15  2.22220E-21  1.83631E-11  4.53486E+05 -3.82744E-01
  1.36716E+15  2.18094E-21  1.80222E-11  4.58064E+05 -3.90712E-01
  1.37406E+15  2.14046E-21  1.76876E-11  4.62657E+05 -3.98819E-01
  1.38100E+15  2.10065E-21  1.73587E-11  4.67265E+05 -4.07067E-01
  1.38797E+15  2.06143E-21  1.70346E-11  4.71880E+05 -4.15459E-01
  1.39498E+15  2.02278E-21  1.67152E-11  4.76507E+05 -4.23997E-01
  1.40202E+15  1.98473E-21  1.64007E-11  4.81141E+05 -4.32686E-01
  1.40910E+15  1.94734E-21  1.60918E-11  4.85793E+05 -4.41527E-01
  1.41622E+15  1.91071E-21  1.57891E-11  4.90460E+05 -4.50524E-01
  1.42337E+15  1.87495E-21  1.54936E-11  4.95157E+05 -4.59681E-01
  1.43055E+15  1.84012E-21  1.52058E-11  4.99880E+05 -4.69001E-01
  1.43777E+15  1.80627E-21  1.49260E-11  5.04642E+05 -4.78487E-01
  1.44503E+15  1.77337E-21  1.46542E-11  5.09435E+05 -4.88142E-01
  1.45233E+15  1.74138E-21  1.43898E-11  5.14268E+05 -4.97971E-01
  1.45966E+15  1.71021E-21  1.41323E-11  5.19130E+05 -5.07977E-01
  1.46703E+15  1.67976E-21  1.38807E-11  5.24026E+05 -5.18164E-01
  1.47444E+15  1.64995E-21  1.36343E-11  5.28944E+05 -5.28536E-01
  1.48188E+15  1.62070E-21  1.33926E-11  5.33891E+05 -5.39097E-01
  1.48936E+15  1.59195E-21  1.31551E-11  5.38854E+05 -5.49851E-01
  1.49688E+15  1.56367E-21  1.29213E-11  5.43841E+05 -5.60803E-01
  1.50444E+15  1.53579E-21  1.26909E-11  5.48841E+05 -5.71956E-01
  1.51203E+15  1.50824E-21  1.24633E-11  5.53859E+05 -5.83315E-01
  1.51967E+15  1.48094E-21  1.22377E-11  5.58879E+05 -5.94885E-01
  1.52734E+15  1.45376E-21  1.20131E-11  5.63903E+05 -6.06670E-01
  1.53505E+15  1.42659E-21  1.17886E-11  5.68913E+05 -6.18676E-01
  1.54280E+15  1.39934E-21  1.15634E-11  5.73912E+05 -6.30907E-01
  1.55059E+15  1.37197E-21  1.13373E-11  5.78883E+05 -6.43369E-01
  1.55842E+15  1.34453E-21  1.11105E-11  5.83838E+05 -6.56066E-01
  1.56629E+15  1.31715E-21  1.08843E-11  5.88771E+05 -6.69005E-01
  1.57419E+15  1.29000E-21  1.06599E-11  5.93705E+05 -6.82190E-01
  1.58214E+15  1.26331E-21  1.04393E-11  5.98642E+05 -6.95628E-01
  1.59013E+15  1.23725E-21  1.02240E-11  6.03609E+05 -7.09324E-01
  1.59816E+15  1.21202E-21  1.00155E-11  6.08607E+05 -7.23285E-01
  1.60623E+15  1.18770E-21  9.81449E-12  6.13661E+05 -7.37516E-01
  1.61433E+15  1.16435E-21  9.62155E-12  6.18765E+05 -7.52025E-01
  1.62249E+15  1.14195E-21  9.43650E-12  6.23937E+05 -7.66817E-01
  1.63068E+15  1.12047E-21  9.25898E-12  6.29161E+05 -7.81899E-01
  1.63891E+15  1.09981E-21  9.08825E-12  6.34452E+05 -7.97279E-01
  1.64718E+15  1.07989E-21  8.92363E-12  6.39789E+05 -8.12963E-01
  1.65550E+15  1.06059E-21  8.76419E-12  6.45183E+05 -8.28960E-01
  1.66386E+15  1.04184E-21  8.60925E-12  6.50613E+05 -8.45276E-01
  1.67226E+15  1.02354E-21  8.45795E-12  6.56089E+05 -8.61920E-01
  1.68070E+15  1.00561E-21  8.30981E-12  6.61589E+05 -8.78899E-01
  1.68919E+15  9.87983E-22  8.16417E-12  6.67127E+05 -8.96222E-01
  1.69771E+15  9.70635E-22  8.02081E-12  6.72681E+05 -9.13898E-01
  1.70629E+15  9.53516E-22  7.87936E-12  6.78268E+05 -9.31935E-01
  1.71490E+15  9.36640E-22  7.73990E-12  6.83868E+05 -9.50342E-01
  1.72356E+15  9.19989E-22  7.60231E-12  6.89502E+05 -9.69129E-01
  1.73226E+15  9.03608E-22  7.46694E-12  6.95149E+05 -9.88306E-01
  1.74100E+15  8.87506E-22  7.33389E-12  7.00827E+05 -1.00000E+00
  1.74979E+15  8.71827E-22  7.20432E-12  7.06444E+05 -1.00000E+00
  1.75863E+15  8.56597E-22  7.07847E-12  7.11992E+05 -1.00000E+00
  1.76751E+15  8.41825E-22  6.95640E-12  7.17473E+05 -1.00000E+00
  1.77643E+15  8.27505E-22  6.83807E-12  7.22891E+05 -1.00000E+00
  1.78540E+15  8.13625E-22  6.72337E-12  7.28249E+05 -1.00000E+00
  1.79441E+15  8.00164E-22  6.61213E-12  7.33548E+05 -1.00000E+00
  1.80347E+15  7.87095E-22  6.50414E-12  7.38789E+05 -1.00000E+00
  1.81258E+15  7.74389E-22  6.39914E-12  7.43972E+05 -1.00000E+00
  1.82173E+15  7.62017E-22  6.29690E-12  7.49097E+05 -1.00000E+00
  1.83093E+15  7.49951E-22  6.19720E-12  7.54164E+05 -1.00000E+00
  1.84017E+15  7.38168E-22  6.09983E-12  7.59173E+05 -1.00000E+00
  1.84946E+15  7.26651E-22  6.00466E-12  7.64124E+05 -1.00000E+00
  1.85880E+15  7.15383E-22  5.91155E-12  7.69018E+05 -1.00000E+00
  1.86818E+15  7.04355E-22  5.82042E-12  7.73855E+05 -1.00000E+00
  1.87761E+15  6.93558E-22  5.73120E-12  7.78637E+05 -1.00000E+00
  1.88709E+15  6.82986E-22  5.64383E-12  7.83365E+05 -1.00000E+00
  1.89662E+15  6.72631E-22  5.55827E-12  7.88041E+05 -1.00000E+00
  1.90620E+15  6.62489E-22  5.47446E-12  7.92664E+05 -1.00000E+00
  1.91582E+15  6.52555E-22  5.39237E-12  7.97237E+05 -1.00000E+00
  1.92549E+15  6.42822E-22  5.31195E-12  8.01761E+05 -1.00000E+00
  1.93521E+15  6.33289E-22  5.23317E-12  8.06237E+05 -1.00000E+00
  1.94498E+15  6.23951E-22  5.15600E-12  8.10666E+05 -1.00000E+00
  1.95480E+15  6.14806E-22  5.08043E-12  8.15051E+05 -1.00000E+00
  1.96467E+15  6.05852E-22  5.00644E-12  8.19392E+05 -1.00000E+00
  1.97459E+15  5.97085E-22  4.93400E-12  8.23690E+05 -1.00000E+00
  1.98456E+15  5.88503E-22  4.86308E-12  8.27948E+05 -1.00000E+00
  1.99458E+15  5.80097E-22  4.79362E-12  8.32165E+05 -1.00000E+00
  2.00465E+15  5.71859E-22  4.72555E-12  8.36342E+05 -1.00000E+00
  2.01477E+15  5.63778E-22  4.65876E-12  8.40477E+05 -1.00000E+00
  2.02494E+15  5.55839E-22  4.59316E-12  8.44571E+05 -1.00000E+00
  2.03517E+15  5.48027E-22  4.52861E-12  8.48622E+05 -1.00000E+00
  2.04544E+15  5.40328E-22  4.46499E-12  8.52628E+05 -1.00000E+00
  2.05577E+15  5.32730E-22  4.40220E-12  8.56588E+05 -1.00000E+00
  2.06615E+15  5.25223E-22  4.34017E-12  8.60500E+05 -1.00000E+00
  2.07658E+15  5.17805E-22  4.27887E-12  8.64366E+05 -1.00000E+00
  2.08706E+15  5.10476E-22  4.21831E-12  8.68186E+05 -1.00000E+00
  2.09760E+15  5.03244E-22  4.15855E-12  8.71961E+05 -1.00000E+00
  2.10819E+15  4.96119E-22  4.09967E-12  8.75696E+05 -1.00000E+00
  2.11883E+15  4.89115E-22  4.04178E-12  8.79392E+05 -1.00000E+00
  2.12953E+15  4.82244E-22  3.98501E-12  8.83055E+05 -1.00000E+00
  2.14028E+15  4.75521E-22  3.92945E-12  8.86688E+05 -1.00000E+00
  2.15109E+15  4.68954E-22  3.87519E-12  8.90295E+05 -1.00000E+00
  2.16195E+15  4.62551E-22  3.82228E-12  8.93879E+05 -1.00000E+00
  2.17286E+15  4.56313E-22  3.77073E-12  8.97442E+05 -1.00000E+00
  2.18383E+15  4.50240E-22  3.72054E-12  9.00986E+05 -1.00000E+00
  2.19486E+15  4.44324E-22  3.67166E-12  9.04512E+05 -1.00000E+00
  2.20594E+15  4.38560E-22  3.62403E-12  9.08020E+05 -1.00000E+00
  2.21707E+15  4.32937E-22  3.57756E-12  9.11510E+05 -1.00000E+00
  2.22827E+15  4.27445E-22  3.53218E-12  9.14981E+05 -1.00000E+00
  2.23952E+15  4.22074E-22  3.48779E-12  9.18432E+05 -1.00000E+00
  2.25082E+15  4.16814E-22  3.44433E-12  9.21862E+05 -1.00000E+00
  2.26219E+15  4.11656E-22  3.40171E-12  9.25270E+05 -1.00000E+00
  2.27361E+15  4.06590E-22  3.35984E-12  9.28655E+05 -1.00000E+00
  2.28509E+15  4.01606E-22  3.31866E-12  9.32014E+05 -1.00000E+00
  2.29662E+15  3.96690E-22  3.27804E-12  9.35347E+05 -1.00000E+00
  2.30822E+15  3.91830E-22  3.23788E-12  9.38649E+05 -1.00000E+00
  2.31987E+15  3.87008E-22  3.19803E-12  9.41917E+05 -1.00000E+00
  2.33158E+15  3.82208E-22  3.15837E-12  9.45147E+05 -1.00000E+00
  2.34336E+15  3.77413E-22  3.11874E-12  9.48336E+05 -1.00000E+00
  2.35519E+15  3.72612E-22  3.07907E-12  9.51481E+05 -1.00000E+00
  2.36708E+15  3.67801E-22  3.03931E-12  9.54580E+05 -1.00000E+00
  2.37903E+15  3.62983E-22  2.99950E-12  9.57635E+05 -1.00000E+00
  2.39104E+15  3.58172E-22  2.95975E-12  9.60649E+05 -1.00000E+00
  2.40311E+15  3.53391E-22  2.92023E-12  9.63626E+05 -1.00000E+00
  2.41524E+15  3.48664E-22  2.88117E-12  9.66574E+05 -1.00000E+00
  2.42744E+15  3.44020E-22  2.84280E-12  9.69502E+05 -1.00000E+00
  2.43969E+15  3.39485E-22  2.80532E-12  9.72415E+05 -1.00000E+00
  2.45201E+15  3.35077E-22  2.76890E-12  9.75321E+05 -1.00000E+00
  2.46439E+15  3.30810E-22  2.73364E-12  9.78224E+05 -1.00000E+00
  2.47683E+15  3.26686E-22  2.69956E-12  9.81126E+05 -1.00000E+00
  2.48933E+15  3.22699E-22  2.66661E-12  9.84028E+05 -1.00000E+00
  2.50190E+15  3.18832E-22  2.63466E-12  9.86926E+05 -1.00000E+00
  2.51453E+15  3.15061E-22  2.60350E-12  9.89813E+05 -1.00000E+00
  2.52723E+15  3.11353E-22  2.57285E-12  9.92683E+05 -1.00000E+00
  2.53999E+15  3.07671E-22  2.54243E-12  9.95524E+05 -1.00000E+00
  2.55281E+15  3.03981E-22  2.51194E-12  9.98325E+05 -1.00000E+00
  2.56570E+15  3.00256E-22  2.48115E-12  1.00108E+06 -1.00000E+00
  2.57865E+15  2.96479E-22  2.44994E-12  1.00378E+06 -1.00000E+00
  2.59167E+15  2.92651E-22  2.41832E-12  1.00642E+06 -1.00000E+00
  2.60476E+15  2.88791E-22  2.38642E-12  1.00902E+06 -1.00000E+00
  2.61791E+15  2.84926E-22  2.35448E-12  1.01157E+06 -1.00000E+00
  2.63112E+15  2.81093E-22  2.32280E-12  1.01409E+06 -1.00000E+00
  2.64441E+15  2.77326E-22  2.29167E-12  1.01660E+06 -1.00000E+00
  2.65776E+15  2.73653E-22  2.26132E-12  1.01909E+06 -1.00000E+00
  2.67118E+15  2.70091E-22  2.23189E-12  1.02158E+06 -1.00000E+00
  2.68466E+15  2.66647E-22  2.20343E-12  1.02407E+06 -1.00000E+00
  2.69821E+15  2.63315E-22  2.17589E-12  1.02656E+06 -1.00000E+00
  2.71184E+15  2.60081E-22  2.14917E-12  1.02905E+06 -1.00000E+00
  2.72553E+15  2.56926E-22  2.12310E-12  1.03153E+06 -1.00000E+00
  2.73929E+15  2.53830E-22  2.09752E-12  1.03400E+06 -1.00000E+00
  2.75312E+15  2.50774E-22  2.07226E-12  1.03645E+06 -1.00000E+00
  2.76702E+15  2.47740E-22  2.04720E-12  1.03887E+06 -1.00000E+00
  2.78099E+15  2.44721E-22  2.02224E-12  1.04127E+06 -1.00000E+00
  2.79503E+15  2.41711E-22  1.99737E-12  1.04363E+06 -1.00000E+00
  2.80914E+15  2.38713E-22  1.97259E-12  1.04597E+06 -1.00000E+00
  2.82332E+15  2.35733E-22  1.94798E-12  1.04828E+06 -1.00000E+00
  2.83758E+15  2.32783E-22  1.92360E-12  1.05057E+06 -1.00000E+00
  2.85190E+15  2.29873E-22  1.89955E-12  1.05284E+06 -1.00000E+00
  2.86630E+15  2.27015E-22  1.87593E-12  1.05510E+06 -1.00000E+00
  2.88077E+15  2.24216E-22  1.85281E-12  1.05735E+06 -1.00000E+00
  2.89531E+15  2.21485E-22  1.83023E-12  1.05959E+06 -1.00000E+00
  2.90993E+15  2.18823E-22  1.80824E-12  1.06184E+06 -1.00000E+00
  2.92462E+15  2.16233E-22  1.78684E-12  1.06408E+06 -1.00000E+00
  2.93939E+15  2.13714E-22  1.76602E-12  1.06632E+06 -1.00000E+00
  2.95423E+15  2.11261E-22  1.74575E-12  1.06855E+06 -1.00000E+00
  2.96914E+15  2.08870E-22  1.72599E-12  1.07079E+06 -1.00000E+00
  2.98413E+15  2.06531E-22  1.70667E-12  1.07302E+06 -1.00000E+00
  2.99920E+15  2.04236E-22  1.68770E-12  1.07523E+06 -1.00000E+00
  3.01434E+15  2.01972E-22  1.66899E-12  1.07744E+06 -1.00000E+00
  3.02956E+15  1.99730E-22  1.65046E-12  1.07962E+06 -1.00000E+00
  3.04486E+15  1.97501E-22  1.63204E-12  1.08178E+06 -1.00000E+00
  3.06023E+15  1.95281E-22  1.61370E-12  1.08391E+06 -1.00000E+00
  3.07568E+15  1.93067E-22  1.59540E-12  1.08602E+06 -1.00000E+00
  3.09121E+15  1.90860E-22  1.57717E-12  1.08810E+06 -1.00000E+00
  3.10681E+15  1.88661E-22  1.55899E-12  1.09016E+06 -1.00000E+00
  3.12250E+15  1.86469E-22  1.54088E-12  1.09219E+06 -1.00000E+00
  3.13826E+15  1.84284E-22  1.52282E-12  1.09419E+06 -1.00000E+00
  3.15411E+15  1.82102E-22  1.50479E-12  1.09617E+06 -1.00000E+00
  3.17003E+15  1.79922E-22  1.48678E-12  1.09811E+06 -1.00000E+00
  3.18603E+15  1.77748E-22  1.46881E-12  1.10003E+06 -1.00000E+00
  3.20212E+15  1.75585E-22  1.45095E-12  1.10192E+06 -1.00000E+00
  3.21829E+15  1.73447E-22  1.43327E-12  1.10379E+06 -1.00000E+00
  3.23453E+15  1.71344E-22  1.41590E-12  1.10565E+06 -1.00000E+00
  3.25086E+15  1.69290E-22  1.39892E-12  1.10750E+06 -1.00000E+00
  3.26728E+15  1.67291E-22  1.38241E-12  1.10935E+06 -1.00000E+00
  3.28377E+15  1.65351E-22  1.36638E-12  1.11120E+06 -1.00000E+00
  3.30035E+15  1.63467E-22  1.35081E-12  1.11306E+06 -1.00000E+00
  3.31701E+15  1.61632E-22  1.33564E-12  1.11492E+06 -1.00000E+00
  3.33376E+15  1.59836E-22  1.32080E-12  1.11677E+06 -1.00000E+00
  3.35059E+15  1.58073E-22  1.30624E-12  1.11861E+06 -1.00000E+00
  3.36751E+15  1.56336E-22  1.29188E-12  1.12044E+06 -1.00000E+00
  3.38451E+15  1.54623E-22  1.27773E-12  1.12227E+06 -1.00000E+00
  3.40159E+15  1.52932E-22  1.26375E-12  1.12408E+06 -1.00000E+00
  3.41877E+15  1.51263E-22  1.24996E-12  1.12588E+06 -1.00000E+00
  3.43603E+15  1.49613E-22  1.23632E-12  1.12766E+06 -1.00000E+00
  3.45338E+15  1.47981E-22  1.22284E-12  1.12944E+06 -1.00000E+00
  3.47081E+15  1.46360E-22  1.20944E-12  1.13120E+06 -1.00000E+00
  3.48833E+15  1.44747E-22  1.19612E-12  1.13293E+06 -1.00000E+00
  3.50594E+15  1.43139E-22  1.18282E-12  1.13465E+06 -1.00000E+00
  3.52365E+15  1.41536E-22  1.16958E-12  1.13635E+06 -1.00000E+00
  3.54143E+15  1.39944E-22  1.15642E-12  1.13803E+06 -1.00000E+00
  3.55931E+15  1.38371E-22  1.14343E-12  1.13970E+06 -1.00000E+00
  3.57728E+15  1.36827E-22  1.13067E-12  1.14137E+06 -1.00000E+00
  3.59534E+15  1.35323E-22  1.11824E-12  1.14303E+06 -1.00000E+00
  3.61350E+15  1.33865E-22  1.10619E-12  1.14471E+06 -1.00000E+00
  3.63174E+15  1.32456E-22  1.09455E-12  1.14641E+06 -1.00000E+00
  3.65007E+15  1.31091E-22  1.08327E-12  1.14811E+06 -1.00000E+00
  3.66850E+15  1.29766E-22  1.07232E-12  1.14982E+06 -1.00000E+00
  3.68702E+15  1.28468E-22  1.06159E-12  1.15154E+06 -1.00000E+00
  3.70564E+15  1.27191E-22  1.05104E-12  1.15325E+06 -1.00000E+00
  3.72435E+15  1.25925E-22  1.04058E-12  1.15496E+06 -1.00000E+00
  3.74315E+15  1.24669E-22  1.03020E-12  1.15666E+06 -1.00000E+00
  3.76205E+15  1.23420E-22  1.01987E-12  1.15835E+06 -1.00000E+00
  3.78104E+15  1.22179E-22  1.00962E-12  1.16003E+06 -1.00000E+00
  3.80013E+15  1.20943E-22  9.99407E-13  1.16169E+06 -1.00000E+00
  3.81932E+15  1.19710E-22  9.89224E-13  1.16334E+06 -1.00000E+00
  3.83860E+15  1.18476E-22  9.79020E-13  1.16497E+06 -1.00000E+00
  3.85798E+15  1.17239E-22  9.68797E-13  1.16657E+06 -1.00000E+00
  3.87746E+15  1.15998E-22  9.58549E-13  1.16815E+06 -1.00000E+00
  3.89703E+15  1.14763E-22  9.48341E-13  1.16972E+06 -1.00000E+00
  3.91671E+15  1.13540E-22  9.38233E-13  1.17127E+06 -1.00000E+00
  3.93648E+15  1.12341E-22  9.28328E-13  1.17282E+06 -1.00000E+00
  3.95635E+15  1.11174E-22  9.18680E-13  1.17437E+06 -1.00000E+00
  3.97633E+15  1.10044E-22  9.09348E-13  1.17594E+06 -1.00000E+00
  3.99640E+15  1.08950E-22  9.00304E-13  1.17751E+06 -1.00000E+00
  4.01658E+15  1.07888E-22  8.91531E-13  1.17909E+06 -1.00000E+00
  4.03686E+15  1.06848E-22  8.82938E-13  1.18067E+06 -1.00000E+00
  4.05724E+15  1.05828E-22  8.74511E-13  1.18225E+06 -1.00000E+00
  4.07772E+15  1.04822E-22  8.66190E-13  1.18383E+06 -1.00000E+00
  4.09831E+15  1.03831E-22  8.58009E-13  1.18540E+06 -1.00000E+00
  4.11900E+15  1.02852E-22  8.49911E-13  1.18696E+06 -1.00000E+00
  4.13980E+15  1.01878E-22  8.41870E-13  1.18851E+06 -1.00000E+00
  4.16070E+15  1.00894E-22  8.33739E-13  1.19004E+06 -1.00000E+00
  4.18170E+15  9.98866E-23  8.25410E-13  1.19152E+06 -1.00000E+00
  4.20281E+15  9.88376E-23  8.16742E-13  1.19295E+06 -1.00000E+00
  4.22403E+15  9.77462E-23  8.07723E-13  1.19431E+06 -1.00000E+00
  4.24536E+15  9.66147E-23  7.98373E-13  1.19562E+06 -1.00000E+00
  4.26679E+15  9.54631E-23  7.88857E-13  1.19687E+06 -1.00000E+00
  4.28833E+15  9.43083E-23  7.79314E-13  1.19810E+06 -1.00000E+00
  4.30998E+15  9.31754E-23  7.69952E-13  1.19932E+06 -1.00000E+00
  4.33174E+15  9.20752E-23  7.60861E-13  1.20056E+06 -1.00000E+00
  4.35361E+15  9.10208E-23  7.52148E-13  1.20181E+06 -1.00000E+00
  4.37559E+15  9.00081E-23  7.43780E-13  1.20308E+06 -1.00000E+00
  4.39768E+15  8.90395E-23  7.35775E-13  1.20438E+06 -1.00000E+00
  4.41989E+15  8.81019E-23  7.28027E-13  1.20570E+06 -1.00000E+00
  4.44220E+15  8.71931E-23  7.20518E-13  1.20702E+06 -1.00000E+00
  4.46463E+15  8.62980E-23  7.13121E-13  1.20836E+06 -1.00000E+00
  4.48717E+15  8.54167E-23  7.05839E-13  1.20968E+06 -1.00000E+00
  4.50982E+15  8.45422E-23  6.98612E-13  1.21100E+06 -1.00000E+00
  4.53259E+15  8.36843E-23  6.91523E-13  1.21232E+06 -1.00000E+00
  4.55547E+15  8.28432E-23  6.84572E-13  1.21365E+06 -1.00000E+00
  4.57847E+15  8.20261E-23  6.77820E-13  1.21499E+06 -1.00000E+00
  4.60159E+15  8.12205E-23  6.71163E-13  1.21632E+06 -1.00000E+00
  4.62482E+15  8.04174E-23  6.64527E-13  1.21764E+06 -1.00000E+00
  4.64817E+15  7.95922E-23  6.57708E-13  1.21892E+06 -1.00000E+00
  4.67164E+15  7.87396E-23  6.50662E-13  1.22015E+06 -1.00000E+00
  4.69522E+15  7.78498E-23  6.43310E-13  1.22132E+06 -1.00000E+00
  4.71893E+15  7.69421E-23  6.35809E-13  1.22245E+06 -1.00000E+00
  4.74275E+15  7.60265E-23  6.28243E-13  1.22356E+06 -1.00000E+00
  4.76670E+15  7.51340E-23  6.20867E-13  1.22467E+06 -1.00000E+00
  4.79076E+15  7.42737E-23  6.13759E-13  1.22581E+06 -1.00000E+00
  4.81495E+15  7.34668E-23  6.07091E-13  1.22698E+06 -1.00000E+00
  4.83926E+15  7.27069E-23  6.00812E-13  1.22822E+06 -1.00000E+00
  4.86369E+15  7.19992E-23  5.94964E-13  1.22949E+06 -1.00000E+00
  4.88824E+15  7.13256E-23  5.89397E-13  1.23080E+06 -1.00000E+00
  4.91292E+15  7.06841E-23  5.84096E-13  1.23213E+06 -1.00000E+00
  4.93773E+15  7.00552E-23  5.78899E-13  1.23347E+06 -1.00000E+00
  4.96266E+15  6.94384E-23  5.73803E-13  1.23481E+06 -1.00000E+00
  4.98771E+15  6.88153E-23  5.68653E-13  1.23614E+06 -1.00000E+00
  5.01289E+15  6.81883E-23  5.63472E-13  1.23743E+06 -1.00000E+00
  5.03820E+15  6.75369E-23  5.58089E-13  1.23869E+06 -1.00000E+00
  5.06364E+15  6.68672E-23  5.52555E-13  1.23989E+06 -1.00000E+00
  5.08920E+15  6.61639E-23  5.46744E-13  1.24104E+06 -1.00000E+00
  5.11489E+15  6.54440E-23  5.40795E-13  1.24214E+06 -1.00000E+00
  5.14072E+15  6.47057E-23  5.34693E-13  1.24320E+06 -1.00000E+00
  5.16667E+15  6.39765E-23  5.28668E-13  1.24423E+06 -1.00000E+00
  5.19276E+15  6.32577E-23  5.22728E-13  1.24528E+06 -1.00000E+00
  5.21897E+15  6.25728E-23  5.17069E-13  1.24634E+06 -1.00000E+00
  5.24532E+15  6.19119E-23  5.11607E-13  1.24743E+06 -1.00000E+00
  5.27180E+15  6.12866E-23  5.06441E-13  1.24853E+06 -1.00000E+00
  5.29842E+15  6.06792E-23  5.01421E-13  1.24967E+06 -1.00000E+00
  5.32517E+15  6.00990E-23  4.96626E-13  1.25082E+06 -1.00000E+00
  5.35205E+15  5.95259E-23  4.91891E-13  1.25198E+06 -1.00000E+00
  5.37907E+15  5.89674E-23  4.87275E-13  1.25313E+06 -1.00000E+00
  5.40623E+15  5.83966E-23  4.82559E-13  1.25426E+06 -1.00000E+00
  5.43353E+15  5.78178E-23  4.77776E-13  1.25535E+06 -1.00000E+00
  5.46096E+15  5.72086E-23  4.72741E-13  1.25640E+06 -1.00000E+00
  5.48853E+15  5.65883E-23  4.67616E-13  1.25739E+06 -1.00000E+00
  5.51624E+15  5.59527E-23  4.62364E-13  1.25836E+06 -1.00000E+00
  5.54409E+15  5.53345E-23  4.57256E-13  1.25931E+06 -1.00000E+00
  5.57208E+15  5.47275E-23  4.52239E-13  1.26029E+06 -1.00000E+00
  5.60021E+15  5.41484E-23  4.47454E-13  1.26126E+06 -1.00000E+00
  5.62848E+15  5.35716E-23  4.42688E-13  1.26225E+06 -1.00000E+00
  5.65690E+15  5.30026E-23  4.37986E-13  1.26321E+06 -1.00000E+00
  5.68546E+15  5.24163E-23  4.33141E-13  1.26414E+06 -1.00000E+00
  5.71416E+15  5.18312E-23  4.28306E-13  1.26502E+06 -1.00000E+00
  5.74301E+15  5.12352E-23  4.23381E-13  1.26589E+06 -1.00000E+00
  5.77201E+15  5.06590E-23  4.18619E-13  1.26675E+06 -1.00000E+00
  5.80115E+15  5.00893E-23  4.13912E-13  1.26763E+06 -1.00000E+00
  5.83043E+15  4.95572E-23  4.09514E-13  1.26853E+06 -1.00000E+00
  5.85987E+15  4.90413E-23  4.05252E-13  1.26947E+06 -1.00000E+00
  5.88945E+15  4.85629E-23  4.01298E-13  1.27044E+06 -1.00000E+00
  5.91919E+15  4.80964E-23  3.97443E-13  1.27146E+06 -1.00000E+00
  5.94907E+15  4.76524E-23  3.93774E-13  1.27248E+06 -1.00000E+00
  5.97911E+15  4.72030E-23  3.90061E-13  1.27351E+06 -1.00000E+00
  6.00929E+15  4.67651E-23  3.86442E-13  1.27451E+06 -1.00000E+00
  6.03963E+15  4.63129E-23  3.82705E-13  1.27552E+06 -1.00000E+00
  6.07012E+15  4.58704E-23  3.79049E-13  1.27649E+06 -1.00000E+00
  6.10077E+15  4.54100E-23  3.75244E-13  1.27745E+06 -1.00000E+00
  6.13157E+15  4.49551E-23  3.71486E-13  1.27837E+06 -1.00000E+00
  6.16253E+15  4.44765E-23  3.67531E-13  1.27926E+06 -1.00000E+00
  6.19364E+15  4.40021E-23  3.63610E-13  1.28010E+06 -1.00000E+00
  6.22491E+15  4.35146E-23  3.59582E-13  1.28094E+06 -1.00000E+00
  6.25634E+15  4.30461E-23  3.55710E-13  1.28176E+06 -1.00000E+00
  6.28792E+15  4.25775E-23  3.51838E-13  1.28260E+06 -1.00000E+00
  6.31967E+15  4.21370E-23  3.48198E-13  1.28344E+06 -1.00000E+00
  6.35157E+15  4.16921E-23  3.44522E-13  1.28431E+06 -1.00000E+00
  6.38364E+15  4.12660E-23  3.41000E-13  1.28514E+06 -1.00000E+00
  6.41587E+15  4.08269E-23  3.37372E-13  1.28599E+06 -1.00000E+00
  6.44826E+15  4.04059E-23  3.33893E-13  1.28680E+06 -1.00000E+00
  6.48082E+15  3.99755E-23  3.30336E-13  1.28762E+06 -1.00000E+00
  6.51354E+15  3.95722E-23  3.27004E-13  1.28843E+06 -1.00000E+00
  6.54642E+15  3.91748E-23  3.23720E-13  1.28930E+06 -1.00000E+00
  6.57947E+15  3.88176E-23  3.20768E-13  1.29019E+06 -1.00000E+00
  6.61269E+15  3.84651E-23  3.17855E-13  1.29112E+06 -1.00000E+00
  6.64607E+15  3.81499E-23  3.15250E-13  1.29208E+06 -1.00000E+00
  6.67963E+15  3.78314E-23  3.12619E-13  1.29307E+06 -1.00000E+00
  6.71335E+15  3.75325E-23  3.10149E-13  1.29403E+06 -1.00000E+00
  6.74724E+15  3.72112E-23  3.07493E-13  1.29498E+06 -1.00000E+00
  6.78131E+15  3.68890E-23  3.04832E-13  1.29586E+06 -1.00000E+00
  6.81555E+15  3.65221E-23  3.01799E-13  1.29667E+06 -1.00000E+00
  6.84995E+15  3.61495E-23  2.98720E-13  1.29738E+06 -1.00000E+00
  6.88454E+15  3.57432E-23  2.95363E-13  1.29806E+06 -1.00000E+00
  6.91930E+15  3.53561E-23  2.92164E-13  1.29870E+06 -1.00000E+00
  6.95423E+15  3.49607E-23  2.88897E-13  1.29937E+06 -1.00000E+00
  6.98934E+15  3.46022E-23  2.85935E-13  1.30005E+06 -1.00000E+00
  7.02463E+15  3.42429E-23  2.82965E-13  1.30079E+06 -1.00000E+00
  7.06009E+15  3.39208E-23  2.80304E-13  1.30154E+06 -1.00000E+00
  7.09573E+15  3.35960E-23  2.77620E-13  1.30234E+06 -1.00000E+00
  7.13156E+15  3.33010E-23  2.75182E-13  1.30313E+06 -1.00000E+00
  7.16756E+15  3.29772E-23  2.72506E-13  1.30391E+06 -1.00000E+00
  7.20375E+15  3.26661E-23  2.69936E-13  1.30463E+06 -1.00000E+00
  7.24012E+15  3.23256E-23  2.67122E-13  1.30534E+06 -1.00000E+00
  7.27667E+15  3.20069E-23  2.64488E-13  1.30601E+06 -1.00000E+00
  7.31341E+15  3.16709E-23  2.61711E-13  1.30670E+06 -1.00000E+00
  7.35033E+15  3.13646E-23  2.59180E-13  1.30736E+06 -1.00000E+00
  7.38744E+15  3.10449E-23  2.56539E-13  1.30807E+06 -1.00000E+00
  7.42474E+15  3.07589E-23  2.54175E-13  1.30876E+06 -1.00000E+00
  7.46222E+15  3.04552E-23  2.51665E-13  1.30949E+06 -1.00000E+00
  7.49990E+15  3.01870E-23  2.49449E-13  1.31022E+06 -1.00000E+00
  7.53776E+15  2.98923E-23  2.47014E-13  1.31096E+06 -1.00000E+00
  7.57582E+15  2.96112E-23  2.44691E-13  1.31162E+06 -1.00000E+00
  7.61406E+15  2.93038E-23  2.42151E-13  1.31229E+06 -1.00000E+00
  7.65251E+15  2.90363E-23  2.39940E-13  1.31297E+06 -1.00000E+00
  7.69114E+15  2.87486E-23  2.37563E-13  1.31367E+06 -1.00000E+00
  7.72997E+15  2.84865E-23  2.35397E-13  1.31434E+06 -1.00000E+00
  7.76900E+15  2.82058E-23  2.33078E-13  1.31505E+06 -1.00000E+00
  7.80822E+15  2.79731E-23  2.31155E-13  1.31579E+06 -1.00000E+00
  7.84764E+15  2.77212E-23  2.29074E-13  1.31658E+06 -1.00000E+00
  7.88726E+15  2.74955E-23  2.27208E-13  1.31733E+06 -1.00000E+00
  7.92708E+15  2.72417E-23  2.25111E-13  1.31809E+06 -1.00000E+00
  7.96710E+15  2.70172E-23  2.23256E-13  1.31882E+06 -1.00000E+00
  8.00732E+15  2.67556E-23  2.21094E-13  1.31954E+06 -1.00000E+00
  8.04775E+15  2.65204E-23  2.19151E-13  1.32021E+06 -1.00000E+00
  8.08838E+15  2.62567E-23  2.16971E-13  1.32092E+06 -1.00000E+00
  8.12922E+15  2.60339E-23  2.15131E-13  1.32163E+06 -1.00000E+00
  8.17026E+15  2.57802E-23  2.13034E-13  1.32238E+06 -1.00000E+00
  8.21151E+15  2.55513E-23  2.11143E-13  1.32306E+06 -1.00000E+00
  8.25296E+15  2.52774E-23  2.08880E-13  1.32373E+06 -1.00000E+00
  8.29463E+15  2.50474E-23  2.06979E-13  1.32439E+06 -1.00000E+00
  8.33651E+15  2.47883E-23  2.04837E-13  1.32509E+06 -1.00000E+00
  8.37860E+15  2.45631E-23  2.02976E-13  1.32574E+06 -1.00000E+00
  8.42090E+15  2.42936E-23  2.00749E-13  1.32639E+06 -1.00000E+00
  8.46341E+15  2.40831E-23  1.99010E-13  1.32708E+06 -1.00000E+00
  8.50614E+15  2.38649E-23  1.97207E-13  1.32790E+06 -1.00000E+00
  8.54908E+15  2.37068E-23  1.95900E-13  1.32876E+06 -1.00000E+00
  8.59224E+15  2.34961E-23  1.94159E-13  1.32959E+06 -1.00000E+00
  8.63562E+15  2.33001E-23  1.92540E-13  1.33026E+06 -1.00000E+00
  8.67922E+15  2.30278E-23  1.90290E-13  1.33081E+06 -1.00000E+00
  8.72304E+15  2.27958E-23  1.88373E-13  1.33130E+06 -1.00000E+00
  8.76708E+15  2.25470E-23  1.86317E-13  1.33191E+06 -1.00000E+00
  8.81134E+15  2.23754E-23  1.84898E-13  1.33260E+06 -1.00000E+00
  8.85583E+15  2.21789E-23  1.83274E-13  1.33340E+06 -1.00000E+00
  8.90054E+15  2.20323E-23  1.82063E-13  1.33416E+06 -1.00000E+00
  8.94547E+15  2.18283E-23  1.80378E-13  1.33491E+06 -1.00000E+00
  8.99064E+15  2.16552E-23  1.78947E-13  1.33553E+06 -1.00000E+00
  9.03603E+15  2.14196E-23  1.77001E-13  1.33612E+06 -1.00000E+00
  9.08165E+15  2.12258E-23  1.75399E-13  1.33664E+06 -1.00000E+00
  9.12750E+15  2.09953E-23  1.73494E-13  1.33721E+06 -1.00000E+00
  9.17358E+15  2.08348E-23  1.72168E-13  1.33784E+06 -1.00000E+00
  9.21989E+15  2.06507E-23  1.70647E-13  1.33860E+06 -1.00000E+00
  9.26644E+15  2.05434E-23  1.69760E-13  1.33943E+06 -1.00000E+00
  9.31322E+15  2.03873E-23  1.68470E-13  1.34029E+06 -1.00000E+00
  9.36024E+15  2.02548E-23  1.67375E-13  1.34098E+06 -1.00000E+00
  9.40750E+15  2.00273E-23  1.65495E-13  1.34151E+06 -1.00000E+00
  9.45499E+15  1.98238E-23  1.63814E-13  1.34185E+06 -1.00000E+00
  9.50273E+15  1.95612E-23  1.61644E-13  1.34221E+06 -1.00000E+00
  9.55071E+15  1.93808E-23  1.60153E-13  1.34265E+06 -1.00000E+00
  9.59892E+15  1.91752E-23  1.58454E-13  1.34325E+06 -1.00000E+00
  9.64739E+15  1.90449E-23  1.57377E-13  1.34391E+06 -1.00000E+00
  9.69609E+15  1.88453E-23  1.55727E-13  1.34454E+06 -1.00000E+00
  9.74504E+15  1.86726E-23  1.54301E-13  1.34498E+06 -1.00000E+00
  9.79424E+15  1.84136E-23  1.52160E-13  1.34533E+06 -1.00000E+00
  9.84369E+15  1.82174E-23  1.50539E-13  1.34566E+06 -1.00000E+00
  9.89339E+15  1.79935E-23  1.48689E-13  1.34620E+06 -1.00000E+00
  9.94334E+15  1.78489E-23  1.47494E-13  1.34674E+06 -1.00000E+00
  9.99354E+15  1.76591E-23  1.45925E-13  1.34747E+06 -1.00000E+00
  1.00440E+16  1.75291E-23  1.44851E-13  1.34801E+06 -1.00000E+00
  1.00947E+16  1.73405E-23  1.43293E-13  1.34874E+06 -1.00000E+00
  1.01457E+16  1.72078E-23  1.42196E-13  1.34918E+06 -1.00000E+00
  1.01969E+16  1.70059E-23  1.40527E-13  1.34983E+06 -1.00000E+00
  1.02484E+16  1.68765E-23  1.39459E-13  1.35021E+06 -1.00000E+00
  1.03001E+16  1.66895E-23  1.37913E-13  1.35092E+06 -1.00000E+00
  1.03521E+16  1.65842E-23  1.37043E-13  1.35141E+06 -1.00000E+00
  1.04044E+16  1.64041E-23  1.35555E-13  1.35214E+06 -1.00000E+00
  1.04569E+16  1.62832E-23  1.34555E-13  1.35250E+06 -1.00000E+00
  1.05097E+16  1.60849E-23  1.32917E-13  1.35314E+06 -1.00000E+00
  1.05628E+16  1.59669E-23  1.31942E-13  1.35347E+06 -1.00000E+00
  1.06161E+16  1.57754E-23  1.30360E-13  1.35415E+06 -1.00000E+00
  1.06697E+16  1.56723E-23  1.29507E-13  1.35448E+06 -1.00000E+00
  1.07235E+16  1.54960E-23  1.28051E-13  1.35524E+06 -1.00000E+00
  1.07777E+16  1.54146E-23  1.27378E-13  1.35567E+06 -1.00000E+00
  1.08321E+16  1.52314E-23  1.25864E-13  1.35678E+06 -1.00000E+00
