  6.27079E+13  6.02430E+04  1.51204E+16 -9.22883E-02  1.00000E+00
  6.30245E+13  4.92123E+04  9.29655E+15 -3.23651E-02  1.00000E+00
  6.33427E+13  3.53751E+04  4.81664E+15  2.74271E-02  1.00000E+00
  6.36625E+13  2.07797E+04  1.87301E+15  3.63915E-02  1.00000E+00
  6.39839E+13  7.51111E+03  4.41496E+14  2.03537E-01  1.00000E+00
  6.43069E+13  1.12692E+03  6.46247E+13  2.99831E+00  1.00000E+00
  6.46316E+13  1.24597E+02  1.68106E+13  1.44567E+02  1.00000E+00
  6.49579E+13  1.50793E+01  1.13836E+13  6.12931E+03  1.00000E+00
  6.52858E+13  5.22943E+00  1.04651E+13  4.95683E+02  1.00000E+00
  6.56154E+13  4.93437E+00  9.93874E+12 -1.03893E+03  1.00000E+00
  6.59467E+13  4.85320E+00  9.44066E+12 -5.48434E+02  1.00000E+00
  6.62796E+13  4.60987E+00  8.96278E+12 -3.99276E+02  1.00000E+00
  6.66143E+13  4.39807E+00  8.50988E+12 -4.36052E+02  1.00000E+00
  6.69506E+13  4.18460E+00  8.08045E+12 -4.18650E+02  1.00000E+00
  6.72886E+13  3.98940E+00  7.67354E+12 -4.30200E+02  1.00000E+00
  6.76283E+13  3.80112E+00  7.28767E+12 -4.23745E+02  1.00000E+00
  6.79697E+13  3.62620E+00  6.92163E+12 -4.28699E+02  1.00000E+00
  6.83129E+13  3.45979E+00  6.57416E+12 -4.26305E+02  1.00000E+00
  6.86578E+13  3.30376E+00  6.24418E+12 -4.28642E+02  1.00000E+00
  6.90044E+13  3.15581E+00  5.93060E+12 -4.27917E+02  1.00000E+00
  6.93528E+13  3.01626E+00  5.63249E+12 -4.29043E+02  1.00000E+00
  6.97029E+13  2.88399E+00  5.34893E+12 -4.29010E+02  1.00000E+00
  7.00548E+13  2.75882E+00  5.07911E+12 -4.29643E+02  1.00000E+00
  7.04085E+13  2.64011E+00  4.82224E+12 -4.29860E+02  1.00000E+00
  7.07640E+13  2.52748E+00  4.57762E+12 -4.30323E+02  1.00000E+00
  7.11213E+13  2.42045E+00  4.34456E+12 -4.30649E+02  1.00000E+00
  7.14803E+13  2.31868E+00  4.12247E+12 -4.31008E+02  1.00000E+00
  7.18412E+13  2.22189E+00  3.91075E+12 -4.31315E+02  1.00000E+00
  7.22039E+13  2.12996E+00  3.70884E+12 -4.31618E+02  1.00000E+00
  7.25684E+13  2.04288E+00  3.51622E+12 -4.31953E+02  1.00000E+00
  7.29348E+13  1.96063E+00  3.33234E+12 -4.32394E+02  1.00000E+00
  7.33030E+13  1.88302E+00  3.15668E+12 -4.33054E+02  1.00000E+00
  7.36731E+13  1.80945E+00  2.98878E+12 -4.34141E+02  1.00000E+00
  7.40451E+13  1.73851E+00  2.82826E+12 -4.35896E+02  1.00000E+00
  7.44189E+13  1.66749E+00  2.67492E+12 -4.39440E+02  1.00000E+00
  7.47946E+13  1.59178E+00  2.52890E+12 -4.45403E+02  1.00000E+00
  7.51722E+13  1.50821E+00  2.39074E+12 -4.32010E+02  1.00000E+00
  7.55517E+13  1.42065E+00  2.26083E+12 -4.56772E+02  1.00000E+00
  7.59332E+13  1.31677E+00  2.14001E+12 -4.50066E+02  1.00000E+00
  7.63165E+13  1.19872E+00  2.02957E+12 -4.49062E+02  1.00000E+00
  7.67018E+13  1.07188E+00  1.93040E+12 -4.47412E+02  1.00000E+00
  7.70891E+13  9.43523E-01  1.84287E+12 -4.39036E+02  1.00000E+00
  7.74783E+13  8.25017E-01  1.76648E+12 -4.27172E+02  1.00000E+00
  7.78694E+13  7.29492E-01  1.69973E+12 -4.08153E+02  1.00000E+00
  7.82626E+13  6.68301E-01  1.64002E+12 -3.98030E+02  1.00000E+00
  7.86577E+13  6.39441E-01  1.58438E+12 -4.51270E+02  1.00000E+00
  7.90548E+13  6.17854E-01  1.53110E+12 -4.45493E+02  1.00000E+00
  7.94539E+13  5.97472E-01  1.47986E+12 -4.39793E+02  1.00000E+00
  7.98551E+13  5.79105E-01  1.43050E+12 -4.39861E+02  1.00000E+00
  8.02582E+13  5.62789E-01  1.38284E+12 -4.41192E+02  1.00000E+00
  8.06634E+13  5.47896E-01  1.33671E+12 -4.41738E+02  1.00000E+00
  8.10707E+13  5.33852E-01  1.29201E+12 -4.42463E+02  1.00000E+00
  8.14800E+13  5.20127E-01  1.24867E+12 -4.43139E+02  1.00000E+00
  8.18913E+13  5.06360E-01  1.20667E+12 -4.43159E+02  1.00000E+00
  8.23048E+13  4.92608E-01  1.16601E+12 -4.42458E+02  1.00000E+00
  8.27203E+13  4.79288E-01  1.12665E+12 -4.42080E+02  1.00000E+00
  8.31379E+13  4.66737E-01  1.08852E+12 -4.42666E+02  1.00000E+00
  8.35577E+13  4.54853E-01  1.05157E+12 -4.43955E+02  1.00000E+00
  8.39795E+13  4.43250E-01  1.01574E+12 -4.44966E+02  1.00000E+00
  8.44035E+13  4.31699E-01  9.81012E+11 -4.45263E+02  1.00000E+00
  8.48296E+13  4.20307E-01  9.47362E+11 -4.45476E+02  1.00000E+00
  8.52579E+13  4.09287E-01  9.14762E+11 -4.46205E+02  1.00000E+00
  8.56883E+13  3.98697E-01  8.83171E+11 -4.47262E+02  1.00000E+00
  8.61209E+13  3.88451E-01  8.52549E+11 -4.48168E+02  1.00000E+00
  8.65557E+13  3.78477E-01  8.22864E+11 -4.48832E+02  1.00000E+00
  8.69927E+13  3.68761E-01  7.94085E+11 -4.49434E+02  1.00000E+00
  8.74319E+13  3.59307E-01  7.66187E+11 -4.50030E+02  1.00000E+00
  8.78733E+13  3.50101E-01  7.39139E+11 -4.50567E+02  1.00000E+00
  8.83170E+13  3.41115E-01  7.12918E+11 -4.51062E+02  1.00000E+00
  8.87629E+13  3.32315E-01  6.87499E+11 -4.51478E+02  1.00000E+00
  8.92110E+13  3.23674E-01  6.62863E+11 -4.51723E+02  1.00000E+00
  8.96614E+13  3.15205E-01  6.38991E+11 -4.51811E+02  1.00000E+00
  9.01141E+13  3.06950E-01  6.15860E+11 -4.51877E+02  1.00000E+00
  9.05690E+13  2.98937E-01  5.93447E+11 -4.51983E+02  1.00000E+00
  9.10263E+13  2.91167E-01  5.71728E+11 -4.52035E+02  1.00000E+00
  9.14858E+13  2.83633E-01  5.50679E+11 -4.52015E+02  1.00000E+00
  9.19477E+13  2.76327E-01  5.30276E+11 -4.52019E+02  1.00000E+00
  9.24119E+13  2.69226E-01  5.10497E+11 -4.52121E+02  1.00000E+00
  9.28785E+13  2.62282E-01  4.91325E+11 -4.52271E+02  1.00000E+00
  9.33474E+13  2.55455E-01  4.72742E+11 -4.52388E+02  1.00000E+00
  9.38187E+13  2.48745E-01  4.54737E+11 -4.52548E+02  1.00000E+00
  9.42923E+13  2.42188E-01  4.37293E+11 -4.52949E+02  1.00000E+00
  9.47684E+13  2.35816E-01  4.20395E+11 -4.53656E+02  1.00000E+00
  9.52468E+13  2.29642E-01  4.04022E+11 -4.54589E+02  1.00000E+00
  9.57277E+13  2.23668E-01  3.88157E+11 -4.55650E+02  1.00000E+00
  9.62110E+13  2.17896E-01  3.72780E+11 -4.56695E+02  1.00000E+00
  9.66967E+13  2.12332E-01  3.57874E+11 -4.57641E+02  1.00000E+00
  9.71849E+13  2.06985E-01  3.43418E+11 -4.58330E+02  1.00000E+00
  9.76756E+13  2.01827E-01  3.29396E+11 -4.59401E+02  1.00000E+00
  9.81687E+13  1.96686E-01  3.15795E+11 -4.59923E+02  1.00000E+00
  9.86643E+13  1.91069E-01  3.02623E+11 -4.70786E+02  1.00000E+00
  9.91624E+13  1.84071E-01  2.89945E+11 -4.59514E+02  1.00000E+00
  9.96631E+13  1.76310E-01  2.77829E+11 -4.65368E+02  1.00000E+00
  1.00166E+14  1.66971E-01  2.66338E+11 -4.76537E+02  1.00000E+00
  1.00672E+14  1.55022E-01  2.55614E+11 -4.67111E+02  1.00000E+00
  1.01180E+14  1.41644E-01  2.45790E+11 -4.62420E+02  1.00000E+00
  1.01691E+14  1.28492E-01  2.36895E+11 -4.55567E+02  1.00000E+00
  1.02204E+14  1.17601E-01  2.28843E+11 -4.31246E+02  1.00000E+00
  1.02720E+14  1.11005E-01  2.21402E+11 -4.44086E+02  1.00000E+00
  1.03239E+14  1.07225E-01  2.14322E+11 -4.67899E+02  1.00000E+00
  1.03760E+14  1.03891E-01  2.07505E+11 -4.59063E+02  1.00000E+00
  1.04284E+14  1.00887E-01  2.00927E+11 -4.60074E+02  1.00000E+00
  1.04811E+14  9.82117E-02  1.94564E+11 -4.61086E+02  1.00000E+00
  1.05340E+14  9.58024E-02  1.88393E+11 -4.62730E+02  1.00000E+00
  1.05872E+14  9.35797E-02  1.82400E+11 -4.64329E+02  1.00000E+00
  1.06406E+14  9.14675E-02  1.76574E+11 -4.66214E+02  1.00000E+00
  1.06943E+14  8.93892E-02  1.70908E+11 -4.67760E+02  1.00000E+00
  1.07483E+14  8.73009E-02  1.65400E+11 -4.68499E+02  1.00000E+00
  1.08026E+14  8.52306E-02  1.60049E+11 -4.68708E+02  1.00000E+00
  1.08571E+14  8.32443E-02  1.54850E+11 -4.69176E+02  1.00000E+00
  1.09119E+14  8.13603E-02  1.49796E+11 -4.70221E+02  1.00000E+00
  1.09670E+14  7.95277E-02  1.44881E+11 -4.70903E+02  1.00000E+00
  1.10224E+14  7.76985E-02  1.40102E+11 -4.70709E+02  1.00000E+00
  1.10780E+14  7.58879E-02  1.35457E+11 -4.69997E+02  1.00000E+00
  1.11340E+14  7.41419E-02  1.30942E+11 -4.69698E+02  1.00000E+00
  1.11902E+14  7.24725E-02  1.26553E+11 -4.69730E+02  1.00000E+00
  1.12467E+14  7.08528E-02  1.22283E+11 -4.69718E+02  1.00000E+00
  1.13035E+14  6.92581E-02  1.18130E+11 -4.69536E+02  1.00000E+00
  1.13605E+14  6.76867E-02  1.14092E+11 -4.69460E+02  1.00000E+00
  1.14179E+14  6.61442E-02  1.10165E+11 -4.69893E+02  1.00000E+00
  1.14755E+14  6.46262E-02  1.06346E+11 -4.70950E+02  1.00000E+00
  1.15335E+14  6.31216E-02  1.02635E+11 -4.72440E+02  1.00000E+00
  1.15917E+14  6.16238E-02  9.90296E+10 -4.74109E+02  1.00000E+00
  1.16502E+14  6.01319E-02  9.55279E+10 -4.75871E+02  1.00000E+00
  1.17090E+14  5.86396E-02  9.21292E+10 -4.77658E+02  1.00000E+00
  1.17681E+14  5.71308E-02  8.88330E+10 -4.79197E+02  1.00000E+00
  1.18276E+14  5.56012E-02  8.56395E+10 -4.79742E+02  1.00000E+00
  1.18873E+14  5.40787E-02  8.25482E+10 -4.79696E+02  1.00000E+00
  1.19473E+14  5.26018E-02  7.95568E+10 -4.79799E+02  1.00000E+00
  1.20076E+14  5.11781E-02  7.66612E+10 -4.80141E+02  1.00000E+00
  1.20682E+14  4.97786E-02  7.38584E+10 -4.80189E+02  1.00000E+00
  1.21292E+14  4.83739E-02  7.11471E+10 -4.79687E+02  1.00000E+00
  1.21904E+14  4.69632E-02  6.85269E+10 -4.78946E+02  1.00000E+00
  1.22519E+14  4.55661E-02  6.59967E+10 -4.78543E+02  1.00000E+00
  1.23138E+14  4.41988E-02  6.35544E+10 -4.78631E+02  1.00000E+00
  1.23760E+14  4.28715E-02  6.11974E+10 -4.79167E+02  1.00000E+00
  1.24384E+14  4.15967E-02  5.89222E+10 -4.80519E+02  1.00000E+00
  1.25012E+14  4.03857E-02  5.67251E+10 -4.82710E+02  1.00000E+00
  1.25644E+14  3.92372E-02  5.46020E+10 -4.85277E+02  1.00000E+00
  1.26278E+14  3.81393E-02  5.25490E+10 -4.87514E+02  1.00000E+00
  1.26915E+14  3.70826E-02  5.05633E+10 -4.89013E+02  1.00000E+00
  1.27556E+14  3.60620E-02  4.86421E+10 -4.90075E+02  1.00000E+00
  1.28200E+14  3.50684E-02  4.67832E+10 -4.90597E+02  1.00000E+00
  1.28847E+14  3.40869E-02  4.49850E+10 -4.90757E+02  1.00000E+00
  1.29498E+14  3.31000E-02  4.32467E+10 -4.89899E+02  1.00000E+00
  1.30152E+14  3.20793E-02  4.15686E+10 -4.91906E+02  1.00000E+00
  1.30809E+14  3.09621E-02  3.99536E+10 -4.90934E+02  1.00000E+00
  1.31469E+14  2.97743E-02  3.84058E+10 -4.86875E+02  1.00000E+00
  1.32133E+14  2.85624E-02  3.69264E+10 -4.93871E+02  1.00000E+00
  1.32800E+14  2.72403E-02  3.55181E+10 -4.91955E+02  1.00000E+00
  1.33471E+14  2.58639E-02  3.41850E+10 -4.93274E+02  1.00000E+00
  1.34144E+14  2.45492E-02  3.29262E+10 -4.90524E+02  1.00000E+00
  1.34822E+14  2.34472E-02  3.17344E+10 -4.90639E+02  1.00000E+00
  1.35502E+14  2.25775E-02  3.05968E+10 -5.02822E+02  1.00000E+00
  1.36186E+14  2.17878E-02  2.95054E+10 -4.98210E+02  1.00000E+00
  1.36874E+14  2.10914E-02  2.84562E+10 -5.00281E+02  1.00000E+00
  1.37565E+14  2.04842E-02  2.74438E+10 -5.00867E+02  1.00000E+00
  1.38259E+14  1.99435E-02  2.64643E+10 -5.01190E+02  1.00000E+00
  1.38958E+14  1.94486E-02  2.55146E+10 -5.01252E+02  1.00000E+00
  1.39659E+14  1.89850E-02  2.45927E+10 -5.01499E+02  1.00000E+00
  1.40364E+14  1.85413E-02  2.36970E+10 -5.01791E+02  1.00000E+00
  1.41073E+14  1.81126E-02  2.28265E+10 -5.02489E+02  1.00000E+00
  1.41785E+14  1.77023E-02  2.19802E+10 -5.03870E+02  1.00000E+00
  1.42501E+14  1.73139E-02  2.11569E+10 -5.06428E+02  1.00000E+00
  1.43220E+14  1.69412E-02  2.03555E+10 -5.09596E+02  1.00000E+00
  1.43943E+14  1.65741E-02  1.95753E+10 -5.12275E+02  1.00000E+00
  1.44670E+14  1.62115E-02  1.88160E+10 -5.13774E+02  1.00000E+00
  1.45400E+14  1.58610E-02  1.80770E+10 -5.14607E+02  1.00000E+00
  1.46135E+14  1.55259E-02  1.73575E+10 -5.15170E+02  1.00000E+00
  1.46872E+14  1.52035E-02  1.66565E+10 -5.15003E+02  1.00000E+00
  1.47614E+14  1.48969E-02  1.59734E+10 -5.14309E+02  1.00000E+00
  1.48359E+14  1.46108E-02  1.53071E+10 -5.14912E+02  1.00000E+00
  1.49108E+14  1.43224E-02  1.46570E+10 -5.16414E+02  1.00000E+00
  1.49861E+14  1.39379E-02  1.40244E+10 -5.30400E+02  1.00000E+00
  1.50618E+14  1.33785E-02  1.34165E+10 -5.12412E+02  1.00000E+00
  1.51378E+14  1.27415E-02  1.28380E+10 -5.40066E+02  1.00000E+00
  1.52142E+14  1.18866E-02  1.22948E+10 -5.34127E+02  1.00000E+00
  1.52910E+14  1.08703E-02  1.17959E+10 -5.33330E+02  1.00000E+00
  1.53682E+14  9.90766E-03  1.13437E+10 -5.10221E+02  1.00000E+00
  1.54458E+14  9.26455E-03  1.09291E+10 -5.12483E+02  1.00000E+00
  1.55238E+14  8.90514E-03  1.05374E+10 -5.41006E+02  1.00000E+00
  1.56022E+14  8.59917E-03  1.01614E+10 -5.28121E+02  1.00000E+00
  1.56809E+14  8.33282E-03  9.79977E+09 -5.32471E+02  1.00000E+00
  1.57601E+14  8.10535E-03  9.45038E+09 -5.33317E+02  1.00000E+00
  1.58397E+14  7.90749E-03  9.11173E+09 -5.37959E+02  1.00000E+00
  1.59196E+14  7.72321E-03  8.78274E+09 -5.41140E+02  1.00000E+00
  1.60000E+14  7.53855E-03  8.46312E+09 -5.45907E+02  1.00000E+00
  1.60808E+14  7.34949E-03  8.15289E+09 -5.48051E+02  1.00000E+00
  1.61620E+14  7.16584E-03  7.85202E+09 -5.49007E+02  1.00000E+00
  1.62436E+14  7.00275E-03  7.55987E+09 -5.49704E+02  1.00000E+00
  1.63256E+14  6.86331E-03  7.27536E+09 -5.51356E+02  1.00000E+00
  1.64080E+14  6.73375E-03  6.99771E+09 -5.52980E+02  1.00000E+00
  1.64908E+14  6.60152E-03  6.72674E+09 -5.53653E+02  1.00000E+00
  1.65741E+14  6.46975E-03  6.46251E+09 -5.55874E+02  1.00000E+00
  1.66578E+14  6.34552E-03  6.20476E+09 -5.60570E+02  1.00000E+00
  1.67419E+14  6.22482E-03  5.95317E+09 -5.66048E+02  1.00000E+00
  1.68264E+14  6.10052E-03  5.70771E+09 -5.69830E+02  1.00000E+00
  1.69114E+14  5.97527E-03  5.46848E+09 -5.71975E+02  1.00000E+00
  1.69967E+14  5.85559E-03  5.23529E+09 -5.73704E+02  1.00000E+00
  1.70825E+14  5.74075E-03  5.00785E+09 -5.74495E+02  1.00000E+00
  1.71688E+14  5.62456E-03  4.78605E+09 -5.76264E+02  1.00000E+00
  1.72555E+14  5.50618E-03  4.56992E+09 -5.77042E+02  1.00000E+00
  1.73426E+14  5.38859E-03  4.35942E+09 -5.87109E+02  1.00000E+00
  1.74301E+14  5.27543E-03  4.15465E+09 -5.94857E+02  9.96826E-01
  1.75181E+14  5.15948E-03  3.95619E+09 -5.97945E+02  9.91762E-01
  1.76066E+14  5.04497E-03  3.76410E+09 -6.02076E+02  9.86671E-01
  1.76955E+14  4.93898E-03  3.57812E+09 -6.01854E+02  9.81555E-01
  1.77848E+14  4.84703E-03  3.39767E+09 -6.06291E+02  9.76414E-01
  1.78746E+14  4.75710E-03  3.22237E+09 -6.03484E+02  9.71246E-01
  1.79648E+14  4.64145E-03  3.05238E+09 -6.23226E+02  9.66052E-01
  1.80555E+14  4.44889E-03  2.88963E+09 -6.17104E+02  9.60832E-01
  1.81467E+14  4.21465E-03  2.73634E+09 -6.18858E+02  9.55586E-01
  1.82383E+14  3.97231E-03  2.59298E+09 -6.30722E+02  9.50313E-01
  1.83304E+14  3.72832E-03  2.45964E+09 -6.20776E+02  9.45013E-01
  1.84229E+14  3.51940E-03  2.33556E+09 -6.30015E+02  9.39687E-01
  1.85160E+14  3.34421E-03  2.21923E+09 -6.31940E+02  9.34334E-01
  1.86094E+14  3.20199E-03  2.10953E+09 -6.31996E+02  9.28954E-01
  1.87034E+14  3.10303E-03  2.00502E+09 -6.42336E+02  9.23546E-01
  1.87978E+14  3.03063E-03  1.90437E+09 -6.46320E+02  9.18112E-01
  1.88927E+14  2.96482E-03  1.80703E+09 -6.52731E+02  9.12649E-01
  1.89881E+14  2.89369E-03  1.71294E+09 -6.54482E+02  9.07160E-01
  1.90840E+14  2.81763E-03  1.62225E+09 -6.56844E+02  9.01642E-01
  1.91803E+14  2.74442E-03  1.53493E+09 -6.59426E+02  8.96097E-01
  1.92771E+14  2.67814E-03  1.45075E+09 -6.65816E+02  8.90524E-01
  1.93745E+14  2.61460E-03  1.36949E+09 -6.71635E+02  8.84923E-01
  1.94723E+14  2.54736E-03  1.29112E+09 -6.75729E+02  8.79293E-01
  1.95706E+14  2.47646E-03  1.21573E+09 -6.77484E+02  8.73635E-01
  1.96694E+14  2.40674E-03  1.14331E+09 -6.80703E+02  8.67948E-01
  1.97687E+14  2.34034E-03  1.07371E+09 -6.86675E+02  8.62233E-01
  1.98685E+14  2.27456E-03  1.00682E+09 -6.92686E+02  8.56489E-01
  1.99688E+14  2.20754E-03  9.42615E+08 -6.96090E+02  8.50716E-01
  2.00696E+14  2.14122E-03  8.81070E+08 -6.98438E+02  8.44913E-01
  2.01710E+14  2.07718E-03  8.22073E+08 -7.03728E+02  8.39082E-01
  2.02728E+14  2.01359E-03  7.65531E+08 -7.10095E+02  8.33221E-01
  2.03751E+14  1.94891E-03  7.11425E+08 -7.13921E+02  8.27330E-01
  2.04780E+14  1.88433E-03  6.59725E+08 -7.17256E+02  8.21409E-01
  2.05814E+14  1.82036E-03  6.10361E+08 -7.22899E+02  8.15459E-01
  2.06853E+14  1.75548E-03  5.63294E+08 -7.28243E+02  8.09479E-01
  2.07897E+14  1.68911E-03  5.18519E+08 -7.32417E+02  8.03468E-01
  2.08947E+14  1.62223E-03  4.76014E+08 -7.37047E+02  7.97427E-01
  2.10002E+14  1.55533E-03  4.35737E+08 -7.42335E+02  7.91356E-01
  2.11062E+14  1.48814E-03  3.97647E+08 -7.47342E+02  7.85254E-01
  2.12128E+14  1.42039E-03  3.61710E+08 -7.52418E+02  7.79121E-01
  2.13199E+14  1.35184E-03  3.27895E+08 -7.57635E+02  7.72957E-01
  2.14275E+14  1.28282E-03  2.96175E+08 -7.62612E+02  7.66762E-01
  2.15357E+14  1.21542E-03  2.66497E+08 -7.67231E+02  7.60536E-01
  2.16444E+14  1.15281E-03  2.38741E+08 -7.72173E+02  7.54279E-01
  2.17537E+14  1.09656E-03  2.12730E+08 -7.77995E+02  7.47989E-01
  2.18635E+14  1.04369E-03  1.88300E+08 -7.84991E+02  7.41668E-01
  2.19739E+14  9.86250E-04  1.65420E+08 -7.92711E+02  7.35316E-01
  2.20848E+14  9.15449E-04  1.44260E+08 -7.99261E+02  7.28931E-01
  2.21963E+14  8.29429E-04  1.25116E+08 -8.03142E+02  7.22513E-01
  2.23084E+14  7.36361E-04  1.08199E+08 -8.06204E+02  7.16064E-01
  2.24210E+14  6.47676E-04  9.34746E+07 -8.11142E+02  7.09582E-01
  2.25342E+14  5.69562E-04  8.07108E+07 -8.18058E+02  7.03067E-01
  2.26480E+14  5.02048E-04  6.96305E+07 -8.25077E+02  6.96519E-01
  2.27623E+14  4.43545E-04  5.99934E+07 -8.31135E+02  6.89938E-01
  2.28772E+14  3.93520E-04  5.15884E+07 -8.37468E+02  6.83324E-01
  2.29927E+14  3.51312E-04  4.42182E+07 -8.45070E+02  6.76677E-01
  2.31088E+14  3.14852E-04  3.77198E+07 -8.53180E+02  6.69996E-01
  2.32255E+14  2.81860E-04  3.19833E+07 -8.60200E+02  6.63281E-01
  2.33428E+14  2.51452E-04  2.69344E+07 -8.66870E+02  6.56532E-01
  2.34606E+14  2.23897E-04  2.25045E+07 -8.73677E+02  6.49750E-01
  2.35790E+14  1.99322E-04  1.86211E+07 -8.81960E+02  6.42933E-01
  2.36981E+14  1.76909E-04  1.52205E+07 -8.90865E+02  6.36081E-01
  2.38177E+14  1.55510E-04  1.22614E+07 -8.99245E+02  6.29195E-01
  2.39380E+14  1.35092E-04  9.71776E+06 -9.05056E+02  6.22275E-01
  2.40588E+14  1.16357E-04  7.55337E+06 -9.15104E+02  6.15319E-01
  2.41803E+14  9.90582E-05  5.72762E+06 -9.24713E+02  6.08328E-01
  2.43024E+14  8.25654E-05  4.21312E+06 -9.33320E+02  6.01302E-01
  2.44251E+14  6.72774E-05  2.98669E+06 -9.38641E+02  5.94241E-01
  2.45484E+14  5.37139E-05  2.01339E+06 -9.53019E+02  5.87143E-01
  2.46723E+14  4.12817E-05  1.26059E+06 -9.62808E+02  5.80010E-01
  2.47969E+14  2.94655E-05  7.10211E+05 -9.75868E+02  5.72841E-01
  2.49221E+14  1.79518E-05  3.45656E+05 -1.00029E+03  5.65636E-01
  2.50479E+14  8.58723E-06  1.53124E+05 -9.18198E+02  5.58394E-01
  2.51744E+14  3.59953E-06  6.88291E+04 -1.02764E+03  5.51116E-01
  2.53015E+14  1.58533E-06  3.29821E+04 -1.03147E+03  5.43801E-01
  2.54292E+14  7.97666E-07  1.64905E+04 -1.18143E+03  5.36449E-01
  2.55576E+14  4.17926E-07  8.02758E+03 -1.05038E+03  5.29060E-01
  2.56866E+14  2.03841E-07  3.92877E+03 -1.05155E+03  5.21634E-01
  2.58163E+14  1.00467E-07  1.93514E+03 -1.14027E+03  5.14170E-01
  2.59466E+14  4.98098E-08  9.83497E+02 -1.05621E+03  5.06669E-01
  2.60776E+14  2.68214E-08  4.96595E+02 -1.28061E+03  4.99130E-01
  2.62093E+14  1.39037E-08  2.43278E+02 -1.06423E+03  4.91552E-01
  2.63416E+14  6.86786E-09  1.18598E+02 -1.36482E+03  4.83937E-01
  2.64746E+14  3.30698E-09  5.89374E+01 -1.07917E+03  4.76283E-01
  2.66083E+14  1.71291E-09  3.00610E+01 -1.60293E+03  4.68590E-01
  2.67426E+14  8.83898E-10  1.50554E+01 -1.11342E+03  4.60858E-01
  2.68776E+14  4.48901E-10  7.80011E+00 -1.76657E+03  4.53088E-01
  2.70133E+14  2.33560E-10  4.04282E+00 -1.28759E+03  4.45278E-01
  2.71497E+14  1.27699E-10  2.15904E+00 -2.09714E+03  4.37429E-01
  2.72867E+14  6.94247E-11  1.10167E+00 -1.49244E+03  4.29540E-01
  2.74245E+14  3.62612E-11  5.86050E-01 -2.27304E+03  4.21611E-01
  2.75630E+14  1.96579E-11  3.00947E-01 -1.61931E+03  4.13642E-01
  2.77021E+14  1.03318E-11  1.61940E-01 -2.14925E+03  4.05633E-01
  2.78420E+14  5.64806E-12  8.44569E-02 -1.29112E+03  3.97584E-01
  2.79825E+14  3.01773E-12  4.65229E-02 -1.56500E+03  3.89494E-01
  2.81238E+14  1.69441E-12  2.46618E-02 -5.17232E+02  3.81363E-01
  2.82658E+14  9.13062E-13  1.38744E-02 -6.16209E+02  3.73191E-01
  2.84085E+14  5.23301E-13  7.52015E-03  5.27794E+02  3.64978E-01
  2.85519E+14  2.89125E-13  4.33527E-03  5.24179E+02  3.56723E-01
  2.86961E+14  1.69174E-13  2.41077E-03  1.82301E+03  3.48427E-01
  2.88410E+14  9.68433E-14  1.43752E-03  1.98086E+03  3.40089E-01
  2.89866E+14  5.74269E-14  8.15466E-04  4.68197E+03  3.31708E-01
  2.91329E+14  3.43394E-14  5.08265E-04  5.29309E+03  3.23286E-01
  2.92800E+14  2.08419E-14  3.00742E-04  1.01177E+04  3.14820E-01
  2.94278E+14  1.30457E-14  1.97762E-04  1.05969E+04  3.06313E-01
  2.95764E+14  8.02997E-15  1.23311E-04  1.58695E+04  2.97762E-01
  2.97257E+14  5.22740E-15  8.65072E-05  1.92204E+04  2.89168E-01
  2.98758E+14  3.05094E-15  5.23741E-05  3.06564E+04  2.80530E-01
  3.00266E+14  2.08170E-15  3.98691E-05  3.76845E+04  2.71849E-01
  3.01782E+14  1.28105E-15  2.56534E-05  3.41494E+04  2.63124E-01
  3.03306E+14  9.12545E-16  2.03569E-05 -1.97088E+03  2.54356E-01
  3.04837E+14  3.97955E-16  6.80286E-06 -1.91749E+04  2.45542E-01
  3.06376E+14  2.17208E-16  2.56452E-06 -1.06643E+05  2.36685E-01
  3.07923E+14  1.61229E-16  1.75384E-06 -1.19225E+05  2.27782E-01
  3.09477E+14  1.38644E-16  1.47864E-06 -1.09251E+05  2.18835E-01
  3.11040E+14  1.17627E-16  1.32690E-06 -9.34502E+04  2.09843E-01
  3.12610E+14  1.09090E-16  1.23403E-06 -8.47739E+04  2.00805E-01
  3.14188E+14  9.22239E-17  1.08212E-06 -6.78554E+04  1.91721E-01
  3.15775E+14  8.51716E-17  1.02001E-06 -5.99593E+04  1.82592E-01
  3.17369E+14  7.47287E-17  9.04366E-07 -4.23368E+04  1.73416E-01
  3.18971E+14  6.80104E-17  8.53121E-07 -3.37505E+04  1.64195E-01
  3.20582E+14  6.10522E-17  7.71568E-07 -1.56483E+04  1.54926E-01
  3.22200E+14  5.60028E-17  7.41984E-07 -6.59188E+03  1.45611E-01
  3.23827E+14  5.06258E-17  6.82444E-07  1.23851E+04  1.36249E-01
  3.25462E+14  4.67873E-17  6.58209E-07  2.26795E+04  1.26839E-01
  3.27105E+14  4.23692E-17  6.06661E-07  4.07092E+04  1.17382E-01
  3.28756E+14  3.96439E-17  5.90862E-07  5.27875E+04  1.07878E-01
  3.30416E+14  3.64145E-17  5.54392E-07  6.99517E+04  9.83251E-02
  3.32084E+14  3.40225E-17  5.32254E-07  8.38013E+04  8.87242E-02
  3.33761E+14  3.16952E-17  5.06341E-07  9.87442E+04  7.90748E-02
  3.35446E+14  2.97751E-17  4.85662E-07  1.13717E+05  6.93768E-02
  3.37139E+14  2.81527E-17  4.68542E-07  1.29314E+05  5.96297E-02
  3.38841E+14  2.68341E-17  4.56534E-07  1.45751E+05  4.98334E-02
  3.40552E+14  2.58810E-17  4.51516E-07  1.64063E+05  3.99877E-02
  3.42271E+14  2.52224E-17  4.52111E-07  1.83706E+05  3.00923E-02
  3.43999E+14  2.41295E-17  4.37013E-07  2.00190E+05  2.01469E-02
  3.45736E+14  2.20816E-17  3.88460E-07  2.07146E+05  1.01513E-02
  3.47482E+14  2.06601E-17  3.48458E-07  2.14148E+05  1.05235E-04
  3.49236E+14  2.02178E-17  3.48385E-07  2.28642E+05 -5.55086E-04
  3.50999E+14  1.93567E-17  3.43303E-07  2.36461E+05 -1.11885E-03
  3.52771E+14  1.63919E-17  2.80373E-07  2.26884E+05 -1.68546E-03
  3.54552E+14  1.11387E-17  1.38846E-07  1.65888E+05 -2.25493E-03
  3.56342E+14  8.21868E-18  7.07336E-08  1.20912E+05 -2.82728E-03
  3.58141E+14  7.80182E-18  6.44754E-08  1.19001E+05 -3.40251E-03
  3.59949E+14  7.83945E-18  6.47811E-08  1.25484E+05 -3.98065E-03
  3.61767E+14  7.99625E-18  6.60768E-08  1.32930E+05 -4.56171E-03
  3.63593E+14  8.08788E-18  6.68340E-08  1.39352E+05 -5.14571E-03
  3.65429E+14  8.15476E-18  6.73866E-08  1.45490E+05 -5.73265E-03
  3.67274E+14  8.22065E-18  6.79312E-08  1.51597E+05 -6.32255E-03
  3.69128E+14  8.25724E-18  6.82335E-08  1.57501E+05 -6.91543E-03
  3.70992E+14  8.26101E-18  6.82646E-08  1.63039E+05 -7.51131E-03
  3.72865E+14  8.25326E-18  6.84595E-08  1.68419E+05 -8.11019E-03
  3.74747E+14  8.24992E-18  6.96954E-08  1.74052E+05 -8.71210E-03
  3.76639E+14  8.25508E-18  7.11841E-08  1.79859E+05 -9.31705E-03
  3.78541E+14  8.25652E-18  7.26215E-08  1.85613E+05 -9.92505E-03
  3.80452E+14  8.24227E-18  7.40066E-08  1.91344E+05 -1.05361E-02
  3.82372E+14  8.21686E-18  7.57870E-08  1.97641E+05 -1.11503E-02
  3.84303E+14  8.17363E-18  7.77767E-08  2.04195E+05 -1.17675E-02
  3.86243E+14  8.09871E-18  7.91939E-08  2.10020E+05 -1.23879E-02
  3.88193E+14  8.01414E-18  7.99601E-08  2.15047E+05 -1.30114E-02
  3.90153E+14  7.97338E-18  8.08295E-08  2.19989E+05 -1.36381E-02
  3.92123E+14  7.98408E-18  8.22711E-08  2.25657E+05 -1.42679E-02
  3.94102E+14  8.13970E-18  8.55180E-08  2.32765E+05 -1.49009E-02
  3.96092E+14  8.37370E-18  8.95826E-08  2.40276E+05 -1.55371E-02
  3.98092E+14  8.50466E-18  9.20681E-08  2.46405E+05 -1.61765E-02
  4.00102E+14  8.55862E-18  9.36379E-08  2.51679E+05 -1.68191E-02
  4.02122E+14  8.64205E-18  9.63730E-08  2.57945E+05 -1.74650E-02
  4.04152E+14  8.73413E-18  9.99426E-08  2.65102E+05 -1.81141E-02
  4.06192E+14  8.74084E-18  1.01694E-07  2.69836E+05 -1.87665E-02
  4.08243E+14  8.39195E-18  9.75013E-08  2.70577E+05 -1.94222E-02
  4.10304E+14  7.19746E-18  8.00413E-08  2.60155E+05 -2.00812E-02
  4.12376E+14  5.55395E-18  5.14604E-08  2.28314E+05 -2.07436E-02
  4.14458E+14  4.72705E-18  3.92548E-08  2.12680E+05 -2.14093E-02
  4.16550E+14  4.55305E-18  3.76240E-08  2.12489E+05 -2.20783E-02
  4.18653E+14  4.53979E-18  3.75144E-08  2.16966E+05 -2.27508E-02
  4.20767E+14  4.57803E-18  3.78304E-08  2.22707E+05 -2.34266E-02
  4.22891E+14  4.60462E-18  3.80501E-08  2.27730E+05 -2.41058E-02
  4.25026E+14  4.60873E-18  3.80841E-08  2.32354E+05 -2.47885E-02
  4.27172E+14  4.60903E-18  3.80866E-08  2.36876E+05 -2.54746E-02
  4.29328E+14  4.60916E-18  3.80876E-08  2.41369E+05 -2.61642E-02
  4.31496E+14  4.61029E-18  3.80970E-08  2.45845E+05 -2.68572E-02
  4.33674E+14  4.61655E-18  3.81487E-08  2.50317E+05 -2.75538E-02
  4.35864E+14  4.61999E-18  3.81772E-08  2.54606E+05 -2.82538E-02
  4.38064E+14  4.61088E-18  3.81019E-08  2.58400E+05 -2.89574E-02
  4.40276E+14  4.56266E-18  3.77034E-08  2.61522E+05 -2.96646E-02
  4.42499E+14  4.52152E-18  3.73634E-08  2.64588E+05 -3.03753E-02
  4.44733E+14  4.50550E-18  3.72311E-08  2.68000E+05 -3.10897E-02
  4.46978E+14  4.50254E-18  3.72066E-08  2.71654E+05 -3.18076E-02
  4.49235E+14  4.50628E-18  3.72375E-08  2.75609E+05 -3.25291E-02
  4.51503E+14  4.54329E-18  3.75434E-08  2.80236E+05 -3.32543E-02
  4.53782E+14  4.59253E-18  3.79503E-08  2.85180E+05 -3.39832E-02
  4.56073E+14  4.60992E-18  3.80939E-08  2.89676E+05 -3.47157E-02
  4.58376E+14  4.60913E-18  3.80874E-08  2.93813E+05 -3.54519E-02
  4.60690E+14  4.59437E-18  3.79655E-08  2.97796E+05 -3.61919E-02
  4.63016E+14  4.57304E-18  3.77892E-08  3.01697E+05 -3.69356E-02
  4.65354E+14  4.55712E-18  3.76577E-08  3.05673E+05 -3.76830E-02
  4.67703E+14  4.54883E-18  3.75892E-08  3.09869E+05 -3.84342E-02
  4.70064E+14  4.54637E-18  3.75688E-08  3.14231E+05 -3.91892E-02
  4.72437E+14  4.53958E-18  3.75127E-08  3.18458E+05 -3.99480E-02
  4.74823E+14  4.49474E-18  3.71422E-08  3.21943E+05 -4.07107E-02
  4.77220E+14  4.40376E-18  3.67896E-08  3.24690E+05 -4.14772E-02
  4.79629E+14  4.32140E-18  3.67897E-08  3.27755E+05 -4.22475E-02
  4.82051E+14  4.30450E-18  3.77984E-08  3.32524E+05 -4.30218E-02
  4.84484E+14  4.32553E-18  3.95924E-08  3.38950E+05 -4.37999E-02
  4.86930E+14  4.34267E-18  4.12477E-08  3.44331E+05 -4.45820E-02
  4.89389E+14  4.27210E-18  4.11582E-08  3.45933E+05 -4.53681E-02
  4.91859E+14  3.91712E-18  3.77705E-08  3.43993E+05 -4.61581E-02
  4.94343E+14  3.34541E-18  3.03550E-08  3.28600E+05 -4.69521E-02
  4.96838E+14  2.91830E-18  2.42871E-08  3.14913E+05 -4.77501E-02
  4.99347E+14  2.79940E-18  2.31328E-08  3.13435E+05 -4.85521E-02
  5.01868E+14  2.77952E-18  2.29685E-08  3.15415E+05 -4.93582E-02
  5.04402E+14  2.79168E-18  2.30690E-08  3.19886E+05 -5.01684E-02
  5.06948E+14  2.81545E-18  2.32654E-08  3.23958E+05 -5.09826E-02
  5.09508E+14  2.82835E-18  2.33720E-08  3.27673E+05 -5.18010E-02
  5.12080E+14  2.84116E-18  2.34778E-08  3.31396E+05 -5.26235E-02
  5.14665E+14  2.85847E-18  2.36209E-08  3.35253E+05 -5.34501E-02
  5.17264E+14  2.87490E-18  2.37566E-08  3.39086E+05 -5.42809E-02
  5.19875E+14  2.88322E-18  2.38254E-08  3.42690E+05 -5.51159E-02
  5.22500E+14  2.88495E-18  2.38397E-08  3.46135E+05 -5.59551E-02
  5.25138E+14  2.88841E-18  2.38683E-08  3.49778E+05 -5.67986E-02
  5.27789E+14  2.90566E-18  2.40108E-08  3.53961E+05 -5.76463E-02
  5.30453E+14  2.93315E-18  2.42380E-08  3.58543E+05 -5.84983E-02
  5.33132E+14  2.95322E-18  2.44038E-08  3.62998E+05 -5.93546E-02
  5.35823E+14  2.95794E-18  2.44429E-08  3.67070E+05 -6.02152E-02
  5.38528E+14  2.95783E-18  2.44420E-08  3.70990E+05 -6.10802E-02
  5.41247E+14  2.95767E-18  2.44406E-08  3.74958E+05 -6.19495E-02
  5.43980E+14  2.96212E-18  2.44774E-08  3.79146E+05 -6.28233E-02
  5.46726E+14  2.98977E-18  2.47059E-08  3.83813E+05 -6.37014E-02
  5.49486E+14  3.02787E-18  2.50207E-08  3.88754E+05 -6.45840E-02
  5.52261E+14  3.06136E-18  2.52974E-08  3.93576E+05 -6.54710E-02
  5.55049E+14  3.08403E-18  2.54848E-08  3.98068E+05 -6.63625E-02
  5.57851E+14  3.09257E-18  2.55554E-08  4.02170E+05 -6.72585E-02
  5.60667E+14  3.09290E-18  2.55581E-08  4.05958E+05 -6.81590E-02
  5.63498E+14  3.08494E-18  2.54924E-08  4.09384E+05 -6.90641E-02
  5.66343E+14  3.05472E-18  2.52426E-08  4.12378E+05 -6.99737E-02
  5.69202E+14  3.02777E-18  2.50199E-08  4.15401E+05 -7.08880E-02
  5.72076E+14  3.01630E-18  2.49251E-08  4.18861E+05 -7.18068E-02
  5.74964E+14  3.01378E-18  2.49043E-08  4.22649E+05 -7.27303E-02
  5.77867E+14  3.00748E-18  2.48523E-08  4.26257E+05 -7.36585E-02
  5.80784E+14  2.97067E-18  2.45480E-08  4.29046E+05 -7.45913E-02
  5.83716E+14  2.90172E-18  2.39783E-08  4.30955E+05 -7.55289E-02
  5.86663E+14  2.82947E-18  2.33813E-08  4.32590E+05 -7.64711E-02
  5.89625E+14  2.77820E-18  2.29576E-08  4.34801E+05 -7.74182E-02
  5.92602E+14  2.75758E-18  2.29436E-08  4.38467E+05 -7.83700E-02
  5.95594E+14  2.75222E-18  2.36590E-08  4.43330E+05 -7.93266E-02
  5.98601E+14  2.72734E-18  2.41215E-08  4.46225E+05 -8.02881E-02
  6.01623E+14  2.57393E-18  2.28895E-08  4.46286E+05 -8.12544E-02
  6.04660E+14  2.30667E-18  2.04903E-08  4.40756E+05 -8.22256E-02
  6.07713E+14  2.03475E-18  1.70791E-08  4.29205E+05 -8.32017E-02
  6.10781E+14  1.89724E-18  1.56778E-08  4.25405E+05 -8.41827E-02
  6.13865E+14  1.85919E-18  1.53634E-08  4.25916E+05 -8.51686E-02
  6.16964E+14  1.85711E-18  1.53461E-08  4.29782E+05 -8.61596E-02
  6.20079E+14  1.86807E-18  1.54368E-08  4.34409E+05 -8.71555E-02
  6.23210E+14  1.87761E-18  1.55156E-08  4.38490E+05 -8.81565E-02
  6.26356E+14  1.87804E-18  1.55191E-08  4.42208E+05 -8.91626E-02
  6.29518E+14  1.87497E-18  1.54938E-08  4.45821E+05 -9.01737E-02
  6.32696E+14  1.86875E-18  1.54424E-08  4.49496E+05 -9.11899E-02
  6.35891E+14  1.86736E-18  1.54309E-08  4.53398E+05 -9.22112E-02
  6.39101E+14  1.86732E-18  1.54306E-08  4.57249E+05 -9.32377E-02
  6.42328E+14  1.86269E-18  1.53923E-08  4.60456E+05 -9.42694E-02
  6.45571E+14  1.82973E-18  1.51199E-08  4.62433E+05 -9.53063E-02
  6.48830E+14  1.78214E-18  1.47267E-08  4.63747E+05 -9.63485E-02
  6.52106E+14  1.74833E-18  1.44473E-08  4.65699E+05 -9.73959E-02
  6.55398E+14  1.73607E-18  1.43460E-08  4.68829E+05 -9.84485E-02
  6.58707E+14  1.73062E-18  1.43009E-08  4.72335E+05 -9.95065E-02
  6.62032E+14  1.70519E-18  1.40908E-08  4.74456E+05 -1.00570E-01
  6.65375E+14  1.63360E-18  1.34992E-08  4.74652E+05 -1.01639E-01
  6.68734E+14  1.53274E-18  1.26658E-08  4.73608E+05 -1.02713E-01
  6.72110E+14  1.41277E-18  1.16744E-08  4.69278E+05 -1.03792E-01
  6.75503E+14  1.31384E-18  1.08569E-08  4.66138E+05 -1.04877E-01
  6.78914E+14  1.25365E-18  1.03595E-08  4.65593E+05 -1.05968E-01
  6.82341E+14  1.22066E-18  1.00869E-08  4.65988E+05 -1.07064E-01
  6.85786E+14  1.21464E-18  1.00371E-08  4.69154E+05 -1.08165E-01
  6.89249E+14  1.21752E-18  1.00609E-08  4.73500E+05 -1.09272E-01
  6.92728E+14  1.22421E-18  1.01162E-08  4.77562E+05 -1.10385E-01
  6.96226E+14  1.22579E-18  1.01292E-08  4.81314E+05 -1.11503E-01
  6.99741E+14  1.22572E-18  1.01287E-08  4.84996E+05 -1.12627E-01
  7.03273E+14  1.22569E-18  1.01285E-08  4.88738E+05 -1.13756E-01
  7.06824E+14  1.22661E-18  1.01360E-08  4.92570E+05 -1.14892E-01
  7.10393E+14  1.23075E-18  1.01703E-08  4.96504E+05 -1.16033E-01
  7.13979E+14  1.23578E-18  1.02118E-08  5.00446E+05 -1.17180E-01
  7.17584E+14  1.24078E-18  1.02531E-08  5.04315E+05 -1.18332E-01
  7.21207E+14  1.24556E-18  1.02926E-08  5.08083E+05 -1.19490E-01
  7.24848E+14  1.24939E-18  1.03243E-08  5.11710E+05 -1.20655E-01
  7.28507E+14  1.25109E-18  1.03384E-08  5.15159E+05 -1.21825E-01
  7.32185E+14  1.25122E-18  1.03394E-08  5.18474E+05 -1.23001E-01
  7.35882E+14  1.25094E-18  1.03371E-08  5.21749E+05 -1.24183E-01
  7.39597E+14  1.25059E-18  1.03342E-08  5.25050E+05 -1.25371E-01
  7.43331E+14  1.25077E-18  1.03357E-08  5.28426E+05 -1.26565E-01
  7.47084E+14  1.25286E-18  1.03530E-08  5.31908E+05 -1.27765E-01
  7.50855E+14  1.25484E-18  1.03693E-08  5.35370E+05 -1.28971E-01
  7.54646E+14  1.25454E-18  1.03668E-08  5.38554E+05 -1.30183E-01
  7.58456E+14  1.24547E-18  1.02919E-08  5.41055E+05 -1.31401E-01
  7.62285E+14  1.22038E-18  1.00846E-08  5.42950E+05 -1.32625E-01
  7.66134E+14  1.20361E-18  9.94604E-09  5.45292E+05 -1.33856E-01
  7.70002E+14  1.19897E-18  9.90764E-09  5.48452E+05 -1.35093E-01
  7.73889E+14  1.19430E-18  9.86906E-09  5.51414E+05 -1.36336E-01
  7.77796E+14  1.16821E-18  9.65344E-09  5.52559E+05 -1.37585E-01
  7.81723E+14  1.11433E-18  9.20825E-09  5.52455E+05 -1.38840E-01
  7.85670E+14  1.04255E-18  8.61512E-09  5.50340E+05 -1.40102E-01
  7.89636E+14  9.65038E-19  7.97456E-09  5.46010E+05 -1.41371E-01
  7.93623E+14  9.06439E-19  7.49034E-09  5.43658E+05 -1.42645E-01
  7.97630E+14  8.70386E-19  7.19241E-09  5.43400E+05 -1.43926E-01
  8.01657E+14  8.50495E-19  7.02804E-09  5.43889E+05 -1.45214E-01
  8.05704E+14  8.47400E-19  7.00247E-09  5.47121E+05 -1.46508E-01
  8.09772E+14  8.49569E-19  7.02039E-09  5.51319E+05 -1.47809E-01
  8.13860E+14  8.55624E-19  7.07042E-09  5.55337E+05 -1.49116E-01
  8.17969E+14  8.59081E-19  7.09899E-09  5.59095E+05 -1.50430E-01
  8.22099E+14  8.59921E-19  7.10593E-09  5.62648E+05 -1.51750E-01
  8.26249E+14  8.59999E-19  7.10658E-09  5.66098E+05 -1.53077E-01
  8.30421E+14  8.59753E-19  7.10454E-09  5.69465E+05 -1.54411E-01
  8.34613E+14  8.57894E-19  7.08918E-09  5.72711E+05 -1.55752E-01
  8.38827E+14  8.55529E-19  7.06964E-09  5.75920E+05 -1.57099E-01
  8.43062E+14  8.54614E-19  7.06208E-09  5.79245E+05 -1.58453E-01
  8.47318E+14  8.54613E-19  7.06207E-09  5.82695E+05 -1.59814E-01
  8.51596E+14  8.55046E-19  7.06565E-09  5.86183E+05 -1.61182E-01
  8.55895E+14  8.55284E-19  7.06762E-09  5.89559E+05 -1.62556E-01
  8.60216E+14  8.54195E-19  7.05862E-09  5.92623E+05 -1.63938E-01
  8.64559E+14  8.47237E-19  7.00112E-09  5.95279E+05 -1.65327E-01
  8.68924E+14  8.40547E-19  6.94584E-09  5.97957E+05 -1.66722E-01
  8.73311E+14  8.38398E-19  6.92808E-09  6.01050E+05 -1.68125E-01
  8.77720E+14  8.37354E-19  6.91945E-09  6.04250E+05 -1.69535E-01
  8.82151E+14  8.30986E-19  6.86683E-09  6.06462E+05 -1.70952E-01
  8.86605E+14  8.03363E-19  6.63857E-09  6.06854E+05 -1.72376E-01
  8.91081E+14  7.64524E-19  6.31763E-09  6.06521E+05 -1.73807E-01
  8.95580E+14  7.20229E-19  5.95159E-09  6.04255E+05 -1.75245E-01
  9.00101E+14  6.79533E-19  5.61530E-09  6.01857E+05 -1.76691E-01
  9.04646E+14  6.50374E-19  5.37435E-09  6.01146E+05 -1.78144E-01
  9.09213E+14  6.30846E-19  5.21298E-09  6.01192E+05 -1.79604E-01
  9.13803E+14  6.22517E-19  5.14416E-09  6.02512E+05 -1.81072E-01
  9.18417E+14  6.22339E-19  5.14268E-09  6.06152E+05 -1.82547E-01
  9.23054E+14  6.25416E-19  5.16811E-09  6.10097E+05 -1.84030E-01
  9.27714E+14  6.30330E-19  5.20872E-09  6.13961E+05 -1.85520E-01
  9.32397E+14  6.32194E-19  5.22412E-09  6.17603E+05 -1.87018E-01
  9.37105E+14  6.32392E-19  5.22575E-09  6.21096E+05 -1.88523E-01
  9.41836E+14  6.32320E-19  5.22516E-09  6.24518E+05 -1.90035E-01
  9.46591E+14  6.31357E-19  5.21720E-09  6.27843E+05 -1.91556E-01
  9.51370E+14  6.29981E-19  5.20583E-09  6.31138E+05 -1.93084E-01
  9.56173E+14  6.29754E-19  5.20396E-09  6.34501E+05 -1.94620E-01
  9.61001E+14  6.29841E-19  5.20467E-09  6.37864E+05 -1.96163E-01
  9.65852E+14  6.30641E-19  5.21129E-09  6.41212E+05 -1.97715E-01
  9.70729E+14  6.32299E-19  5.22499E-09  6.44569E+05 -1.99274E-01
  9.75629E+14  6.34114E-19  5.23998E-09  6.47920E+05 -2.00841E-01
  9.80555E+14  6.35887E-19  5.25463E-09  6.51253E+05 -2.02416E-01
  9.85506E+14  6.37563E-19  5.26848E-09  6.54568E+05 -2.03999E-01
  9.90481E+14  6.39054E-19  5.28080E-09  6.57859E+05 -2.05589E-01
  9.95482E+14  6.40297E-19  5.29107E-09  6.61120E+05 -2.07188E-01
  1.00051E+15  6.41445E-19  5.30056E-09  6.64376E+05 -2.08795E-01
  1.00556E+15  6.42996E-19  5.31338E-09  6.67702E+05 -2.10410E-01
  1.01064E+15  6.45590E-19  5.33482E-09  6.71188E+05 -2.12034E-01
  1.01574E+15  6.49432E-19  5.36657E-09  6.74864E+05 -2.13665E-01
  1.02087E+15  6.53784E-19  5.40253E-09  6.78623E+05 -2.15305E-01
  1.02602E+15  6.57073E-19  5.42970E-09  6.82259E+05 -2.16953E-01
  1.03120E+15  6.57997E-19  5.43734E-09  6.85625E+05 -2.18609E-01
  1.03641E+15  6.57926E-19  5.43675E-09  6.88770E+05 -2.20274E-01
  1.04164E+15  6.56446E-19  5.42452E-09  6.91771E+05 -2.21947E-01
  1.04690E+15  6.54024E-19  5.40451E-09  6.94797E+05 -2.23628E-01
  1.05218E+15  6.53318E-19  5.39868E-09  6.98022E+05 -2.25318E-01
  1.05749E+15  6.53096E-19  5.39684E-09  7.01285E+05 -2.27017E-01
  1.06283E+15  6.51570E-19  5.38423E-09  7.04214E+05 -2.28724E-01
  1.06820E+15  6.43912E-19  5.32095E-09  7.06631E+05 -2.30440E-01
  1.07359E+15  6.35927E-19  5.25496E-09  7.09118E+05 -2.32164E-01
  1.07901E+15  6.32751E-19  5.22872E-09  7.12283E+05 -2.33897E-01
  1.08446E+15  6.31650E-19  5.21962E-09  7.15751E+05 -2.35639E-01
  1.08994E+15  6.26651E-19  5.17831E-09  7.18102E+05 -2.37389E-01
  1.09544E+15  6.04199E-19  4.99278E-09  7.18467E+05 -2.39149E-01
  1.10097E+15  5.71165E-19  4.71981E-09  7.17995E+05 -2.40917E-01
  1.10653E+15  5.32756E-19  4.40241E-09  7.14811E+05 -2.42695E-01
  1.11211E+15  4.97823E-19  4.11375E-09  7.11329E+05 -2.44481E-01
  1.11773E+15  4.74176E-19  3.91834E-09  7.10191E+05 -2.46276E-01
  1.12337E+15  4.59751E-19  3.79914E-09  7.10198E+05 -2.48080E-01
  1.12904E+15  4.53560E-19  3.74798E-09  7.11296E+05 -2.49894E-01
  1.13474E+15  4.53232E-19  3.74527E-09  7.14747E+05 -2.51716E-01
  1.14047E+15  4.54441E-19  3.75526E-09  7.18421E+05 -2.53548E-01
  1.14623E+15  4.56928E-19  3.77582E-09  7.21956E+05 -2.55389E-01
  1.15202E+15  4.57833E-19  3.78329E-09  7.25290E+05 -2.57240E-01
  1.15783E+15  4.57680E-19  3.78203E-09  7.28123E+05 -2.59099E-01
  1.16368E+15  4.52726E-19  3.74109E-09  7.29437E+05 -2.60968E-01
  1.16955E+15  4.33343E-19  3.58092E-09  7.29416E+05 -2.62847E-01
  1.17546E+15  4.09617E-19  3.38486E-09  7.28061E+05 -2.64735E-01
  1.18139E+15  3.87067E-19  3.19852E-09  7.25396E+05 -2.66632E-01
  1.18736E+15  3.70324E-19  3.06016E-09  7.24312E+05 -2.68539E-01
  1.19335E+15  3.59303E-19  2.96909E-09  7.24296E+05 -2.70456E-01
  1.19938E+15  3.54123E-19  2.92629E-09  7.25125E+05 -2.72383E-01
  1.20543E+15  3.53761E-19  2.92329E-09  7.28284E+05 -2.74319E-01
  1.21152E+15  3.54753E-19  2.93149E-09  7.31788E+05 -2.76265E-01
  1.21763E+15  3.57047E-19  2.95045E-09  7.35118E+05 -2.78220E-01
  1.22378E+15  3.58108E-19  2.95921E-09  7.38224E+05 -2.80186E-01
  1.22996E+15  3.58237E-19  2.96028E-09  7.41183E+05 -2.82161E-01
  1.23617E+15  3.58244E-19  2.96034E-09  7.44121E+05 -2.84147E-01
  1.24241E+15  3.58303E-19  2.96083E-09  7.47135E+05 -2.86142E-01
  1.24868E+15  3.58965E-19  2.96630E-09  7.50320E+05 -2.88148E-01
  1.25499E+15  3.60338E-19  2.97764E-09  7.53623E+05 -2.90164E-01
  1.26132E+15  3.61364E-19  2.98612E-09  7.56855E+05 -2.92190E-01
  1.26769E+15  3.61929E-19  2.99079E-09  7.59948E+05 -2.94226E-01
  1.27409E+15  3.62348E-19  2.99425E-09  7.62981E+05 -2.96272E-01
  1.28052E+15  3.62778E-19  2.99781E-09  7.66034E+05 -2.98329E-01
  1.28699E+15  3.63060E-19  3.00014E-09  7.69113E+05 -3.00396E-01
  1.29349E+15  3.63095E-19  3.00042E-09  7.72170E+05 -3.02474E-01
  1.30002E+15  3.62878E-19  2.99863E-09  7.75087E+05 -3.04562E-01
  1.30658E+15  3.60843E-19  2.98181E-09  7.77732E+05 -3.06660E-01
  1.31318E+15  3.57983E-19  2.95818E-09  7.80347E+05 -3.08769E-01
  1.31981E+15  3.56934E-19  2.94952E-09  7.83322E+05 -3.10889E-01
  1.32647E+15  3.56705E-19  2.94763E-09  7.86493E+05 -3.13020E-01
  1.33317E+15  3.55727E-19  2.93954E-09  7.89030E+05 -3.15161E-01
  1.33990E+15  3.47839E-19  2.87436E-09  7.89785E+05 -3.17313E-01
  1.34666E+15  3.32256E-19  2.74559E-09  7.89663E+05 -3.19476E-01
  1.35346E+15  3.14862E-19  2.60185E-09  7.88199E+05 -3.21650E-01
  1.36029E+15  2.98628E-19  2.46770E-09  7.86133E+05 -3.23835E-01
  1.36716E+15  2.86353E-19  2.36627E-09  7.85533E+05 -3.26031E-01
  1.37406E+15  2.78000E-19  2.29724E-09  7.85598E+05 -3.28238E-01
  1.38100E+15  2.74805E-19  2.27084E-09  7.87033E+05 -3.30456E-01
  1.38797E+15  2.74818E-19  2.27095E-09  7.90914E+05 -3.32685E-01
  1.39498E+15  2.76584E-19  2.28554E-09  7.95093E+05 -3.34926E-01
  1.40202E+15  2.79419E-19  2.30897E-09  7.99066E+05 -3.37178E-01
  1.40910E+15  2.80512E-19  2.31800E-09  8.02659E+05 -3.39441E-01
  1.41622E+15  2.80654E-19  2.31918E-09  8.06030E+05 -3.41716E-01
  1.42337E+15  2.80782E-19  2.32024E-09  8.09442E+05 -3.44002E-01
  1.43055E+15  2.81543E-19  2.32653E-09  8.13067E+05 -3.46299E-01
  1.43777E+15  2.83166E-19  2.33993E-09  8.16890E+05 -3.48609E-01
  1.44503E+15  2.84547E-19  2.35135E-09  8.20693E+05 -3.50930E-01
  1.45233E+15  2.85208E-19  2.35681E-09  8.24295E+05 -3.53262E-01
  1.45966E+15  2.85468E-19  2.35896E-09  8.27717E+05 -3.55607E-01
  1.46703E+15  2.85866E-19  2.36225E-09  8.31094E+05 -3.57963E-01
  1.47444E+15  2.86501E-19  2.36749E-09  8.34482E+05 -3.60331E-01
  1.48188E+15  2.86940E-19  2.37112E-09  8.37791E+05 -3.62712E-01
  1.48936E+15  2.86974E-19  2.37140E-09  8.40908E+05 -3.65104E-01
  1.49688E+15  2.86587E-19  2.36821E-09  8.43753E+05 -3.67508E-01
  1.50444E+15  2.84498E-19  2.35094E-09  8.46354E+05 -3.69924E-01
  1.51203E+15  2.82751E-19  2.33650E-09  8.49100E+05 -3.72353E-01
  1.51967E+15  2.82369E-19  2.33335E-09  8.52248E+05 -3.74794E-01
  1.52734E+15  2.82224E-19  2.33215E-09  8.55433E+05 -3.77247E-01
  1.53505E+15  2.80964E-19  2.32174E-09  8.57599E+05 -3.79712E-01
  1.54280E+15  2.72326E-19  2.25036E-09  8.57969E+05 -3.82190E-01
  1.55059E+15  2.58142E-19  2.13315E-09  8.57572E+05 -3.84681E-01
  1.55842E+15  2.42742E-19  2.00589E-09  8.55002E+05 -3.87184E-01
  1.56629E+15  2.29275E-19  1.89461E-09  8.52484E+05 -3.89700E-01
  1.57419E+15  2.19997E-19  1.81794E-09  8.51891E+05 -3.92228E-01
  1.58214E+15  2.14539E-19  1.77284E-09  8.52001E+05 -3.94769E-01
  1.59013E+15  2.13170E-19  1.76152E-09  8.53784E+05 -3.97323E-01
  1.59816E+15  2.13405E-19  1.76346E-09  8.57612E+05 -3.99890E-01
  1.60623E+15  2.15237E-19  1.77861E-09  8.61394E+05 -4.02470E-01
  1.61433E+15  2.16798E-19  1.79150E-09  8.64744E+05 -4.05063E-01
  1.62249E+15  2.17182E-19  1.79468E-09  8.67722E+05 -4.07669E-01
  1.63068E+15  2.17313E-19  1.79576E-09  8.70601E+05 -4.10288E-01
  1.63891E+15  2.17469E-19  1.79705E-09  8.73533E+05 -4.12921E-01
  1.64718E+15  2.17511E-19  1.79740E-09  8.76359E+05 -4.15566E-01
  1.65550E+15  2.17109E-19  1.79407E-09  8.78389E+05 -4.18225E-01
  1.66386E+15  2.12353E-19  1.75477E-09  8.78831E+05 -4.20898E-01
  1.67226E+15  2.02470E-19  1.67310E-09  8.78518E+05 -4.23584E-01
  1.68070E+15  1.91929E-19  1.58600E-09  8.76335E+05 -4.26283E-01
  1.68919E+15  1.83041E-19  1.51256E-09  8.74300E+05 -4.28996E-01
  1.69771E+15  1.77047E-19  1.46302E-09  8.73937E+05 -4.31723E-01
  1.70629E+15  1.73733E-19  1.43564E-09  8.74132E+05 -4.34464E-01
  1.71490E+15  1.73132E-19  1.43068E-09  8.76213E+05 -4.37218E-01
  1.72356E+15  1.73537E-19  1.43402E-09  8.79958E+05 -4.39986E-01
  1.73226E+15  1.75962E-19  1.45405E-09  8.83887E+05 -4.42769E-01
  1.74100E+15  1.78491E-19  1.47495E-09  8.87638E+05 -4.45565E-01
  1.74979E+15  1.80039E-19  1.48775E-09  8.91029E+05 -4.48376E-01
  1.75863E+15  1.80952E-19  1.49529E-09  8.94181E+05 -4.51200E-01
  1.76751E+15  1.81726E-19  1.50169E-09  8.97306E+05 -4.54039E-01
  1.77643E+15  1.82514E-19  1.50820E-09  9.00465E+05 -4.56892E-01
  1.78540E+15  1.83121E-19  1.51322E-09  9.03549E+05 -4.59760E-01
  1.79441E+15  1.83318E-19  1.51484E-09  9.06450E+05 -4.62642E-01
  1.80347E+15  1.83319E-19  1.51485E-09  9.09203E+05 -4.65539E-01
  1.81258E+15  1.83247E-19  1.51426E-09  9.11903E+05 -4.68450E-01
  1.82173E+15  1.83210E-19  1.51395E-09  9.14628E+05 -4.71376E-01
  1.83093E+15  1.83242E-19  1.51421E-09  9.17408E+05 -4.74317E-01
  1.84017E+15  1.83302E-19  1.51471E-09  9.20137E+05 -4.77273E-01
  1.84946E+15  1.83137E-19  1.51335E-09  9.22329E+05 -4.80243E-01
  1.85880E+15  1.80352E-19  1.49034E-09  9.23050E+05 -4.83229E-01
  1.86818E+15  1.72446E-19  1.42500E-09  9.22912E+05 -4.86229E-01
  1.87761E+15  1.63510E-19  1.35116E-09  9.21305E+05 -4.89245E-01
  1.88709E+15  1.55628E-19  1.28602E-09  9.19228E+05 -4.92276E-01
  1.89662E+15  1.50061E-19  1.24002E-09  9.18757E+05 -4.95322E-01
  1.90620E+15  1.46803E-19  1.21310E-09  9.18903E+05 -4.98384E-01
  1.91582E+15  1.46079E-19  1.20712E-09  9.20824E+05 -5.01461E-01
  1.92549E+15  1.46289E-19  1.20886E-09  9.24659E+05 -5.04554E-01
  1.93521E+15  1.47608E-19  1.21975E-09  9.28440E+05 -5.07662E-01
  1.94498E+15  1.48544E-19  1.22749E-09  9.31810E+05 -5.10786E-01
  1.95480E+15  1.48686E-19  1.22866E-09  9.34878E+05 -5.13926E-01
  1.96467E+15  1.48711E-19  1.22887E-09  9.37911E+05 -5.17081E-01
  1.97459E+15  1.48802E-19  1.22962E-09  9.40990E+05 -5.20253E-01
  1.98456E+15  1.48905E-19  1.23047E-09  9.43925E+05 -5.23440E-01
  1.99458E+15  1.48798E-19  1.22959E-09  9.46193E+05 -5.26644E-01
  2.00465E+15  1.46819E-19  1.21323E-09  9.46962E+05 -5.29864E-01
  2.01477E+15  1.41503E-19  1.16931E-09  9.46914E+05 -5.33100E-01
  2.02494E+15  1.36148E-19  1.12505E-09  9.46202E+05 -5.36352E-01
  2.03517E+15  1.31835E-19  1.08941E-09  9.45537E+05 -5.39621E-01
  2.04544E+15  1.28840E-19  1.06467E-09  9.45521E+05 -5.42906E-01
  2.05577E+15  1.27568E-19  1.05416E-09  9.46219E+05 -5.46208E-01
  2.06615E+15  1.27537E-19  1.05390E-09  9.49052E+05 -5.49527E-01
  2.07658E+15  1.28204E-19  1.05941E-09  9.52468E+05 -5.52862E-01
  2.08706E+15  1.29949E-19  1.07383E-09  9.55979E+05 -5.56214E-01
  2.09760E+15  1.31401E-19  1.08583E-09  9.59352E+05 -5.59584E-01
  2.10819E+15  1.32281E-19  1.09310E-09  9.62451E+05 -5.62970E-01
  2.11883E+15  1.32706E-19  1.09661E-09  9.65309E+05 -5.66373E-01
  2.12953E+15  1.32875E-19  1.09801E-09  9.68052E+05 -5.69793E-01
  2.14028E+15  1.32960E-19  1.09871E-09  9.70777E+05 -5.73231E-01
  2.15109E+15  1.33017E-19  1.09918E-09  9.73506E+05 -5.76686E-01
  2.16195E+15  1.33033E-19  1.09931E-09  9.76232E+05 -5.80158E-01
  2.17286E+15  1.33035E-19  1.09933E-09  9.78983E+05 -5.83648E-01
  2.18383E+15  1.33050E-19  1.09946E-09  9.81810E+05 -5.87156E-01
  2.19486E+15  1.33243E-19  1.10105E-09  9.84783E+05 -5.90681E-01
  2.20594E+15  1.33992E-19  1.10724E-09  9.87949E+05 -5.94224E-01
  2.21707E+15  1.34934E-19  1.11502E-09  9.91201E+05 -5.97785E-01
  2.22827E+15  1.35678E-19  1.12117E-09  9.94340E+05 -6.01364E-01
  2.23952E+15  1.36059E-19  1.12432E-09  9.97229E+05 -6.04961E-01
  2.25082E+15  1.36208E-19  1.12555E-09  9.99908E+05 -6.08577E-01
  2.26219E+15  1.36366E-19  1.12685E-09  1.00254E+06 -6.12210E-01
  2.27361E+15  1.36618E-19  1.12894E-09  1.00524E+06 -6.15862E-01
  2.28509E+15  1.36792E-19  1.13038E-09  1.00794E+06 -6.19532E-01
  2.29662E+15  1.36789E-19  1.13035E-09  1.01030E+06 -6.23221E-01
  2.30822E+15  1.36115E-19  1.12478E-09  1.01153E+06 -6.26928E-01
  2.31987E+15  1.31875E-19  1.08974E-09  1.01159E+06 -6.30654E-01
  2.33158E+15  1.25864E-19  1.04007E-09  1.01087E+06 -6.34399E-01
  2.34336E+15  1.20201E-19  9.93277E-10  1.00885E+06 -6.38163E-01
  2.35519E+15  1.15951E-19  9.58160E-10  1.00805E+06 -6.41946E-01
  2.36708E+15  1.13255E-19  9.35879E-10  1.00809E+06 -6.45748E-01
  2.37903E+15  1.12398E-19  9.28796E-10  1.00924E+06 -6.49569E-01
  2.39104E+15  1.12465E-19  9.29354E-10  1.01280E+06 -6.53409E-01
  2.40311E+15  1.13696E-19  9.39524E-10  1.01699E+06 -6.57269E-01
  2.41524E+15  1.16029E-19  9.58805E-10  1.02126E+06 -6.61148E-01
  2.42744E+15  1.17723E-19  9.72802E-10  1.02518E+06 -6.65047E-01
  2.43969E+15  1.18590E-19  9.79968E-10  1.02856E+06 -6.68966E-01
  2.45201E+15  1.18926E-19  9.82743E-10  1.03151E+06 -6.72904E-01
  2.46439E+15  1.19033E-19  9.83629E-10  1.03428E+06 -6.76862E-01
  2.47683E+15  1.19090E-19  9.84100E-10  1.03707E+06 -6.80841E-01
  2.48933E+15  1.19141E-19  9.84520E-10  1.03998E+06 -6.84839E-01
  2.50190E+15  1.19148E-19  9.84577E-10  1.04286E+06 -6.88857E-01
  2.51453E+15  1.18936E-19  9.82821E-10  1.04505E+06 -6.92896E-01
  2.52723E+15  1.16456E-19  9.62331E-10  1.04563E+06 -6.96955E-01
  2.53999E+15  1.11089E-19  9.17978E-10  1.04547E+06 -7.01035E-01
  2.55281E+15  1.05596E-19  8.72591E-10  1.04406E+06 -7.05135E-01
  2.56570E+15  1.01045E-19  8.34984E-10  1.04266E+06 -7.09256E-01
  2.57865E+15  9.78508E-20  8.08588E-10  1.04248E+06 -7.13398E-01
  2.59167E+15  9.61134E-20  7.94230E-10  1.04280E+06 -7.17561E-01
  2.60476E+15  9.58468E-20  7.92028E-10  1.04530E+06 -7.21744E-01
  2.61791E+15  9.60111E-20  7.93385E-10  1.04903E+06 -7.25949E-01
  2.63112E+15  9.69159E-20  8.00862E-10  1.05270E+06 -7.30175E-01
  2.64441E+15  9.75691E-20  8.06260E-10  1.05605E+06 -7.34422E-01
  2.65776E+15  9.76365E-20  8.06817E-10  1.05890E+06 -7.38691E-01
  2.67118E+15  9.74008E-20  8.04869E-10  1.06080E+06 -7.42982E-01
  2.68466E+15  9.51332E-20  7.86131E-10  1.06121E+06 -7.47294E-01
  2.69821E+15  9.12073E-20  7.53689E-10  1.06108E+06 -7.51627E-01
  2.71184E+15  8.75798E-20  7.23713E-10  1.06029E+06 -7.55983E-01
  2.72553E+15  8.47786E-20  7.00566E-10  1.05992E+06 -7.60361E-01
  2.73929E+15  8.30705E-20  6.86451E-10  1.06003E+06 -7.64761E-01
  2.75312E+15  8.26932E-20  6.83333E-10  1.06158E+06 -7.69183E-01
  2.76702E+15  8.28091E-20  6.84291E-10  1.06506E+06 -7.73627E-01
  2.78099E+15  8.37365E-20  6.91954E-10  1.06864E+06 -7.78094E-01
  2.79503E+15  8.48151E-20  7.00867E-10  1.07197E+06 -7.82583E-01
  2.80914E+15  8.54816E-20  7.06375E-10  1.07510E+06 -7.87095E-01
  2.82332E+15  8.59533E-20  7.10273E-10  1.07824E+06 -7.91630E-01
  2.83758E+15  8.64348E-20  7.14252E-10  1.08148E+06 -7.96187E-01
  2.85190E+15  8.68976E-20  7.18076E-10  1.08472E+06 -8.00768E-01
  2.86630E+15  8.72420E-20  7.20922E-10  1.08784E+06 -8.05372E-01
  2.88077E+15  8.75196E-20  7.23216E-10  1.09090E+06 -8.09999E-01
  2.89531E+15  8.79259E-20  7.26573E-10  1.09410E+06 -8.14649E-01
  2.90993E+15  8.85983E-20  7.32129E-10  1.09754E+06 -8.19323E-01
  2.92462E+15  8.94748E-20  7.39372E-10  1.10108E+06 -8.24020E-01
  2.93939E+15  9.03563E-20  7.46657E-10  1.10450E+06 -8.28741E-01
  2.95423E+15  9.10741E-20  7.52588E-10  1.10763E+06 -8.33486E-01
  2.96914E+15  9.15970E-20  7.56909E-10  1.11052E+06 -8.38255E-01
  2.98413E+15  9.20115E-20  7.60335E-10  1.11329E+06 -8.43048E-01
  2.99920E+15  9.24063E-20  7.63597E-10  1.11609E+06 -8.47866E-01
  3.01434E+15  9.27468E-20  7.66411E-10  1.11892E+06 -8.52707E-01
  3.02956E+15  9.28706E-20  7.67434E-10  1.12160E+06 -8.57573E-01
  3.04486E+15  9.28358E-20  7.67146E-10  1.12366E+06 -8.62464E-01
  3.06023E+15  9.18994E-20  7.59408E-10  1.12433E+06 -8.67379E-01
  3.07568E+15  8.77929E-20  7.25475E-10  1.12415E+06 -8.72319E-01
  3.09121E+15  8.15081E-20  6.73540E-10  1.12131E+06 -8.77284E-01
  3.10681E+15  7.43761E-20  6.14605E-10  1.11413E+06 -8.82274E-01
  3.12250E+15  6.85533E-20  5.66489E-10  1.10822E+06 -8.87289E-01
  3.13826E+15  6.51448E-20  5.38322E-10  1.10611E+06 -8.92330E-01
  3.15411E+15  6.36802E-20  5.26220E-10  1.10599E+06 -8.97396E-01
  3.17003E+15  6.33467E-20  5.23464E-10  1.10654E+06 -9.02488E-01
  3.18603E+15  6.33714E-20  5.23668E-10  1.10920E+06 -9.07605E-01
  3.20212E+15  6.39250E-20  5.28242E-10  1.11255E+06 -9.12748E-01
  3.21829E+15  6.51093E-20  5.38029E-10  1.11600E+06 -9.17917E-01
  3.23453E+15  6.62018E-20  5.47056E-10  1.11938E+06 -9.23112E-01
  3.25086E+15  6.70784E-20  5.54300E-10  1.12256E+06 -9.28334E-01
  3.26728E+15  6.76450E-20  5.58982E-10  1.12540E+06 -9.33582E-01
  3.28377E+15  6.77915E-20  5.60193E-10  1.12778E+06 -9.38856E-01
  3.30035E+15  6.77780E-20  5.60082E-10  1.12960E+06 -9.44157E-01
  3.31701E+15  6.73289E-20  5.56371E-10  1.13039E+06 -9.49484E-01
  3.33376E+15  6.54173E-20  5.40574E-10  1.13040E+06 -9.54839E-01
  3.35059E+15  6.32221E-20  5.22435E-10  1.12999E+06 -9.60221E-01
  3.36751E+15  6.13781E-20  5.07196E-10  1.12944E+06 -9.65629E-01
  3.38451E+15  6.00844E-20  4.96506E-10  1.12942E+06 -9.71066E-01
  3.40159E+15  5.95654E-20  4.92217E-10  1.13006E+06 -9.76529E-01
  3.41877E+15  5.95613E-20  4.92183E-10  1.13284E+06 -9.82020E-01
  3.43603E+15  5.99463E-20  4.95364E-10  1.13638E+06 -9.87539E-01
  3.45338E+15  6.11356E-20  5.05192E-10  1.14017E+06 -9.93086E-01
  3.47081E+15  6.22823E-20  5.14668E-10  1.14385E+06 -9.98660E-01
  3.48833E+15  6.29761E-20  5.20401E-10  1.14704E+06 -1.00000E+00
  3.50594E+15  6.31314E-20  5.21685E-10  1.14964E+06 -1.00000E+00
  3.52365E+15  6.31179E-20  5.21573E-10  1.15158E+06 -1.00000E+00
  3.54143E+15  6.26704E-20  5.17875E-10  1.15241E+06 -1.00000E+00
  3.55931E+15  6.08432E-20  5.02776E-10  1.15242E+06 -1.00000E+00
  3.57728E+15  5.88117E-20  4.85989E-10  1.15206E+06 -1.00000E+00
  3.59534E+15  5.71713E-20  4.72433E-10  1.15159E+06 -1.00000E+00
  3.61350E+15  5.61203E-20  4.63749E-10  1.15159E+06 -1.00000E+00
  3.63174E+15  5.58160E-20  4.61234E-10  1.15242E+06 -1.00000E+00
  3.65007E+15  5.58522E-20  4.61533E-10  1.15531E+06 -1.00000E+00
  3.66850E+15  5.63856E-20  4.65941E-10  1.15874E+06 -1.00000E+00
  3.68702E+15  5.73111E-20  4.73588E-10  1.16219E+06 -1.00000E+00
  3.70564E+15  5.79622E-20  4.78969E-10  1.16538E+06 -1.00000E+00
  3.72435E+15  5.82024E-20  4.80954E-10  1.16817E+06 -1.00000E+00
  3.74315E+15  5.82206E-20  4.81105E-10  1.17050E+06 -1.00000E+00
  3.76205E+15  5.81207E-20  4.80278E-10  1.17206E+06 -1.00000E+00
  3.78104E+15  5.70993E-20  4.71838E-10  1.17242E+06 -1.00000E+00
  3.80013E+15  5.52205E-20  4.56313E-10  1.17236E+06 -1.00000E+00
  3.81932E+15  5.34885E-20  4.42000E-10  1.17199E+06 -1.00000E+00
  3.83860E+15  5.21606E-20  4.31027E-10  1.17189E+06 -1.00000E+00
  3.85798E+15  5.14426E-20  4.25095E-10  1.17216E+06 -1.00000E+00
  3.87746E+15  5.13551E-20  4.24371E-10  1.17437E+06 -1.00000E+00
  3.89703E+15  5.15188E-20  4.25724E-10  1.17805E+06 -1.00000E+00
  3.91671E+15  5.24265E-20  4.33225E-10  1.18203E+06 -1.00000E+00
  3.93648E+15  5.34218E-20  4.41450E-10  1.18593E+06 -1.00000E+00
  3.95635E+15  5.41263E-20  4.47271E-10  1.18945E+06 -1.00000E+00
  3.97633E+15  5.46047E-20  4.51225E-10  1.19261E+06 -1.00000E+00
  3.99640E+15  5.49726E-20  4.54265E-10  1.19556E+06 -1.00000E+00
  4.01658E+15  5.52740E-20  4.56755E-10  1.19841E+06 -1.00000E+00
  4.03686E+15  5.54716E-20  4.58388E-10  1.20119E+06 -1.00000E+00
  4.05724E+15  5.55159E-20  4.58754E-10  1.20374E+06 -1.00000E+00
  4.07772E+15  5.54793E-20  4.58451E-10  1.20565E+06 -1.00000E+00
  4.09831E+15  5.48289E-20  4.53077E-10  1.20623E+06 -1.00000E+00
  4.11900E+15  5.29796E-20  4.37796E-10  1.20617E+06 -1.00000E+00
  4.13980E+15  5.11420E-20  4.22611E-10  1.20547E+06 -1.00000E+00
  4.16070E+15  4.98078E-20  4.11586E-10  1.20490E+06 -1.00000E+00
  4.18170E+15  4.91415E-20  4.06079E-10  1.20493E+06 -1.00000E+00
  4.20281E+15  4.90365E-20  4.05212E-10  1.20602E+06 -1.00000E+00
  4.22403E+15  4.91504E-20  4.06153E-10  1.20902E+06 -1.00000E+00
  4.24536E+15  4.99135E-20  4.12459E-10  1.21239E+06 -1.00000E+00
  4.26679E+15  5.08639E-20  4.20312E-10  1.21570E+06 -1.00000E+00
  4.28833E+15  5.16881E-20  4.27123E-10  1.21890E+06 -1.00000E+00
  4.30998E+15  5.24424E-20  4.33356E-10  1.22202E+06 -1.00000E+00
  4.33174E+15  5.30797E-20  4.38623E-10  1.22494E+06 -1.00000E+00
  4.35361E+15  5.34002E-20  4.41271E-10  1.22742E+06 -1.00000E+00
  4.37559E+15  5.34316E-20  4.41531E-10  1.22929E+06 -1.00000E+00
  4.39768E+15  5.33146E-20  4.40564E-10  1.23019E+06 -1.00000E+00
  4.41989E+15  5.22545E-20  4.31803E-10  1.23026E+06 -1.00000E+00
  4.44220E+15  5.04501E-20  4.16893E-10  1.22984E+06 -1.00000E+00
  4.46463E+15  4.88236E-20  4.03453E-10  1.22847E+06 -1.00000E+00
  4.48717E+15  4.77487E-20  3.94570E-10  1.22801E+06 -1.00000E+00
  4.50982E+15  4.73094E-20  3.90940E-10  1.22812E+06 -1.00000E+00
  4.53259E+15  4.72727E-20  3.90637E-10  1.22958E+06 -1.00000E+00
  4.55547E+15  4.74254E-20  3.91898E-10  1.23233E+06 -1.00000E+00
  4.57847E+15  4.77068E-20  3.94224E-10  1.23456E+06 -1.00000E+00
  4.60159E+15  4.77091E-20  3.94243E-10  1.23564E+06 -1.00000E+00
  4.62482E+15  4.72959E-20  3.90829E-10  1.23579E+06 -1.00000E+00
  4.64817E+15  4.59877E-20  3.80018E-10  1.23558E+06 -1.00000E+00
  4.67164E+15  4.47049E-20  3.69418E-10  1.23435E+06 -1.00000E+00
  4.69522E+15  4.38512E-20  3.62363E-10  1.23358E+06 -1.00000E+00
  4.71893E+15  4.34525E-20  3.59069E-10  1.23355E+06 -1.00000E+00
  4.74275E+15  4.33187E-20  3.57963E-10  1.23398E+06 -1.00000E+00
  4.76670E+15  4.31229E-20  3.56345E-10  1.23504E+06 -1.00000E+00
  4.79076E+15  4.25603E-20  3.51696E-10  1.23534E+06 -1.00000E+00
  4.81495E+15  4.17949E-20  3.45371E-10  1.23531E+06 -1.00000E+00
  4.83926E+15  4.10736E-20  3.39410E-10  1.23516E+06 -1.00000E+00
  4.86369E+15  4.05590E-20  3.35158E-10  1.23515E+06 -1.00000E+00
  4.88824E+15  4.03911E-20  3.33771E-10  1.23559E+06 -1.00000E+00
  4.91292E+15  4.04130E-20  3.33952E-10  1.23770E+06 -1.00000E+00
  4.93773E+15  4.08618E-20  3.37661E-10  1.24085E+06 -1.00000E+00
  4.96266E+15  4.20844E-20  3.47763E-10  1.24455E+06 -1.00000E+00
  4.98771E+15  4.31706E-20  3.56739E-10  1.24798E+06 -1.00000E+00
  5.01289E+15  4.36346E-20  3.60573E-10  1.25048E+06 -1.00000E+00
  5.03820E+15  4.36734E-20  3.60894E-10  1.25197E+06 -1.00000E+00
  5.06364E+15  4.35778E-20  3.60104E-10  1.25251E+06 -1.00000E+00
  5.08920E+15  4.28265E-20  3.53896E-10  1.25253E+06 -1.00000E+00
  5.11489E+15  4.16942E-20  3.44539E-10  1.25215E+06 -1.00000E+00
  5.14072E+15  4.07312E-20  3.36582E-10  1.25129E+06 -1.00000E+00
  5.16667E+15  4.01086E-20  3.31436E-10  1.25107E+06 -1.00000E+00
  5.19276E+15  3.98012E-20  3.28896E-10  1.25116E+06 -1.00000E+00
  5.21897E+15  3.97250E-20  3.28266E-10  1.25209E+06 -1.00000E+00
  5.24532E+15  3.96854E-20  3.27939E-10  1.25338E+06 -1.00000E+00
  5.27180E+15  3.94351E-20  3.25871E-10  1.25386E+06 -1.00000E+00
  5.29842E+15  3.87738E-20  3.20407E-10  1.25387E+06 -1.00000E+00
  5.32517E+15  3.80986E-20  3.14827E-10  1.25382E+06 -1.00000E+00
  5.35205E+15  3.75619E-20  3.10391E-10  1.25382E+06 -1.00000E+00
  5.37907E+15  3.72748E-20  3.08019E-10  1.25420E+06 -1.00000E+00
  5.40623E+15  3.72410E-20  3.07740E-10  1.25591E+06 -1.00000E+00
  5.43353E+15  3.72493E-20  3.07809E-10  1.25781E+06 -1.00000E+00
  5.46096E+15  3.72441E-20  3.07765E-10  1.25927E+06 -1.00000E+00
  5.48853E+15  3.70602E-20  3.06246E-10  1.25992E+06 -1.00000E+00
  5.51624E+15  3.63405E-20  3.00299E-10  1.25996E+06 -1.00000E+00
  5.54409E+15  3.56433E-20  2.94538E-10  1.25995E+06 -1.00000E+00
  5.57208E+15  3.53078E-20  2.91765E-10  1.26009E+06 -1.00000E+00
  5.60021E+15  3.52815E-20  2.91548E-10  1.26150E+06 -1.00000E+00
  5.62848E+15  3.54285E-20  2.92763E-10  1.26432E+06 -1.00000E+00
  5.65690E+15  3.62218E-20  2.99318E-10  1.26764E+06 -1.00000E+00
  5.68546E+15  3.71225E-20  3.06761E-10  1.27091E+06 -1.00000E+00
  5.71416E+15  3.78089E-20  3.12433E-10  1.27380E+06 -1.00000E+00
  5.74301E+15  3.83852E-20  3.17195E-10  1.27650E+06 -1.00000E+00
  5.77201E+15  3.90515E-20  3.22701E-10  1.27942E+06 -1.00000E+00
  5.80115E+15  3.98796E-20  3.29544E-10  1.28266E+06 -1.00000E+00
  5.83043E+15  4.07227E-20  3.36511E-10  1.28587E+06 -1.00000E+00
  5.85987E+15  4.12818E-20  3.41131E-10  1.28849E+06 -1.00000E+00
  5.88945E+15  4.14015E-20  3.42120E-10  1.29023E+06 -1.00000E+00
  5.91919E+15  4.13804E-20  3.41946E-10  1.29108E+06 -1.00000E+00
  5.94907E+15  4.09996E-20  3.38799E-10  1.29121E+06 -1.00000E+00
  5.97911E+15  4.00465E-20  3.30923E-10  1.29108E+06 -1.00000E+00
  6.00929E+15  3.91570E-20  3.23573E-10  1.29046E+06 -1.00000E+00
  6.03963E+15  3.85548E-20  3.18596E-10  1.29024E+06 -1.00000E+00
  6.07012E+15  3.82738E-20  3.16275E-10  1.29034E+06 -1.00000E+00
  6.10077E+15  3.82372E-20  3.15972E-10  1.29136E+06 -1.00000E+00
  6.13157E+15  3.82513E-20  3.16089E-10  1.29290E+06 -1.00000E+00
  6.16253E+15  3.82466E-20  3.16050E-10  1.29373E+06 -1.00000E+00
  6.19364E+15  3.80221E-20  3.14195E-10  1.29384E+06 -1.00000E+00
  6.22491E+15  3.73359E-20  3.08524E-10  1.29370E+06 -1.00000E+00
  6.25634E+15  3.68320E-20  3.04360E-10  1.29331E+06 -1.00000E+00
  6.28792E+15  3.67205E-20  3.03439E-10  1.29331E+06 -1.00000E+00
  6.31967E+15  3.67243E-20  3.03470E-10  1.29378E+06 -1.00000E+00
  6.35157E+15  3.70042E-20  3.05784E-10  1.29618E+06 -1.00000E+00
  6.38364E+15  3.83209E-20  3.16664E-10  1.29958E+06 -1.00000E+00
  6.41587E+15  3.93931E-20  3.25524E-10  1.30226E+06 -1.00000E+00
  6.44826E+15  3.95926E-20  3.27172E-10  1.30323E+06 -1.00000E+00
  6.48082E+15  3.95679E-20  3.26968E-10  1.30337E+06 -1.00000E+00
  6.51354E+15  3.92160E-20  3.24061E-10  1.30334E+06 -1.00000E+00
  6.54642E+15  3.80900E-20  3.14755E-10  1.30255E+06 -1.00000E+00
  6.57947E+15  3.64429E-20  3.01145E-10  1.29905E+06 -1.00000E+00
  6.61269E+15  3.48555E-20  2.88028E-10  1.29542E+06 -1.00000E+00
  6.64607E+15  3.39678E-20  2.80692E-10  1.29394E+06 -1.00000E+00
  6.67963E+15  3.37844E-20  2.79176E-10  1.29387E+06 -1.00000E+00
  6.71335E+15  3.37718E-20  2.79072E-10  1.29415E+06 -1.00000E+00
  6.74724E+15  3.38666E-20  2.79856E-10  1.29583E+06 -1.00000E+00
  6.78131E+15  3.44715E-20  2.84854E-10  1.29813E+06 -1.00000E+00
  6.81555E+15  3.49946E-20  2.89177E-10  1.29994E+06 -1.00000E+00
  6.84995E+15  3.50793E-20  2.89877E-10  1.30096E+06 -1.00000E+00
  6.88454E+15  3.50547E-20  2.89674E-10  1.30143E+06 -1.00000E+00
  6.91930E+15  3.47884E-20  2.87473E-10  1.30152E+06 -1.00000E+00
  6.95423E+15  3.43546E-20  2.83889E-10  1.30153E+06 -1.00000E+00
  6.98934E+15  3.40977E-20  2.81765E-10  1.30163E+06 -1.00000E+00
  7.02463E+15  3.40593E-20  2.81448E-10  1.30246E+06 -1.00000E+00
  7.06009E+15  3.40753E-20  2.81580E-10  1.30383E+06 -1.00000E+00
  7.09573E+15  3.41003E-20  2.81787E-10  1.30498E+06 -1.00000E+00
  7.13156E+15  3.40793E-20  2.81613E-10  1.30565E+06 -1.00000E+00
  7.16756E+15  3.38293E-20  2.79547E-10  1.30578E+06 -1.00000E+00
  7.20375E+15  3.34372E-20  2.76307E-10  1.30579E+06 -1.00000E+00
  7.24012E+15  3.31523E-20  2.73953E-10  1.30587E+06 -1.00000E+00
  7.27667E+15  3.28972E-20  2.71845E-10  1.30646E+06 -1.00000E+00
  7.31341E+15  3.25587E-20  2.69048E-10  1.30714E+06 -1.00000E+00
  7.35033E+15  3.21670E-20  2.65811E-10  1.30756E+06 -1.00000E+00
  7.38744E+15  3.18890E-20  2.63514E-10  1.30804E+06 -1.00000E+00
  7.42474E+15  3.18217E-20  2.62958E-10  1.30882E+06 -1.00000E+00
  7.46222E+15  3.18215E-20  2.62956E-10  1.30986E+06 -1.00000E+00
  7.49990E+15  3.18833E-20  2.63466E-10  1.31140E+06 -1.00000E+00
  7.53776E+15  3.24418E-20  2.68082E-10  1.31402E+06 -1.00000E+00
  7.57582E+15  3.36548E-20  2.78105E-10  1.31769E+06 -1.00000E+00
  7.61406E+15  3.49125E-20  2.88499E-10  1.32146E+06 -1.00000E+00
  7.65251E+15  3.57903E-20  2.95752E-10  1.32433E+06 -1.00000E+00
  7.69114E+15  3.60512E-20  2.97908E-10  1.32593E+06 -1.00000E+00
  7.72997E+15  3.60587E-20  2.97970E-10  1.32650E+06 -1.00000E+00
  7.76900E+15  3.59548E-20  2.97111E-10  1.32659E+06 -1.00000E+00
  7.80822E+15  3.55269E-20  2.93575E-10  1.32656E+06 -1.00000E+00
  7.84764E+15  3.50986E-20  2.90036E-10  1.32632E+06 -1.00000E+00
  7.88726E+15  3.48282E-20  2.87802E-10  1.32621E+06 -1.00000E+00
  7.92708E+15  3.47187E-20  2.86897E-10  1.32627E+06 -1.00000E+00
  7.96710E+15  3.46896E-20  2.86657E-10  1.32673E+06 -1.00000E+00
  8.00732E+15  3.46233E-20  2.86109E-10  1.32715E+06 -1.00000E+00
  8.04775E+15  3.44283E-20  2.84497E-10  1.32727E+06 -1.00000E+00
  8.08838E+15  3.42937E-20  2.83385E-10  1.32745E+06 -1.00000E+00
  8.12922E+15  3.42866E-20  2.83326E-10  1.32830E+06 -1.00000E+00
  8.17026E+15  3.43938E-20  2.84212E-10  1.32987E+06 -1.00000E+00
  8.21151E+15  3.48862E-20  2.88282E-10  1.33171E+06 -1.00000E+00
  8.25296E+15  3.52250E-20  2.91081E-10  1.33319E+06 -1.00000E+00
  8.29463E+15  3.52619E-20  2.91386E-10  1.33390E+06 -1.00000E+00
  8.33651E+15  3.52095E-20  2.90953E-10  1.33404E+06 -1.00000E+00
  8.37860E+15  3.49326E-20  2.88665E-10  1.33404E+06 -1.00000E+00
  8.42090E+15  3.46657E-20  2.86459E-10  1.33402E+06 -1.00000E+00
  8.46341E+15  3.45448E-20  2.85460E-10  1.33406E+06 -1.00000E+00
  8.50614E+15  3.45324E-20  2.85358E-10  1.33453E+06 -1.00000E+00
  8.54908E+15  3.45435E-20  2.85449E-10  1.33529E+06 -1.00000E+00
  8.59224E+15  3.45471E-20  2.85479E-10  1.33575E+06 -1.00000E+00
  8.63562E+15  3.44936E-20  2.85037E-10  1.33588E+06 -1.00000E+00
  8.67922E+15  3.43157E-20  2.83567E-10  1.33600E+06 -1.00000E+00
  8.72304E+15  3.41624E-20  2.82300E-10  1.33637E+06 -1.00000E+00
  8.76708E+15  3.39744E-20  2.80747E-10  1.33672E+06 -1.00000E+00
  8.81134E+15  3.36917E-20  2.78410E-10  1.33686E+06 -1.00000E+00
  8.85583E+15  3.34267E-20  2.76221E-10  1.33700E+06 -1.00000E+00
  8.90054E+15  3.33479E-20  2.75570E-10  1.33762E+06 -1.00000E+00
  8.94547E+15  3.33525E-20  2.75608E-10  1.33870E+06 -1.00000E+00
  8.99064E+15  3.34310E-20  2.76257E-10  1.33989E+06 -1.00000E+00
  9.03603E+15  3.35047E-20  2.76865E-10  1.34091E+06 -1.00000E+00
  9.08165E+15  3.35012E-20  2.76836E-10  1.34168E+06 -1.00000E+00
  9.12750E+15  3.33920E-20  2.75934E-10  1.34231E+06 -1.00000E+00
  9.17358E+15  3.32213E-20  2.74523E-10  1.34301E+06 -1.00000E+00
  9.21989E+15  3.32044E-20  2.74384E-10  1.34403E+06 -1.00000E+00
  9.26644E+15  3.32775E-20  2.74988E-10  1.34551E+06 -1.00000E+00
  9.31322E+15  3.38354E-20  2.79598E-10  1.34742E+06 -1.00000E+00
  9.36024E+15  3.45732E-20  2.85695E-10  1.34915E+06 -1.00000E+00
  9.40750E+15  3.49432E-20  2.88753E-10  1.34994E+06 -1.00000E+00
  9.45499E+15  3.50082E-20  2.89289E-10  1.35006E+06 -1.00000E+00
  9.50273E+15  3.50138E-20  2.89335E-10  1.35008E+06 -1.00000E+00
  9.55071E+15  3.50135E-20  2.89334E-10  1.35014E+06 -1.00000E+00
  9.59892E+15  3.50271E-20  2.89445E-10  1.35054E+06 -1.00000E+00
  9.64739E+15  3.52093E-20  2.90951E-10  1.35153E+06 -1.00000E+00
  9.69609E+15  3.55788E-20  2.94004E-10  1.35268E+06 -1.00000E+00
  9.74504E+15  3.57339E-20  2.95286E-10  1.35344E+06 -1.00000E+00
  9.79424E+15  3.57355E-20  2.95299E-10  1.35364E+06 -1.00000E+00
  9.84369E+15  3.56530E-20  2.94617E-10  1.35365E+06 -1.00000E+00
  9.89339E+15  3.53322E-20  2.91967E-10  1.35353E+06 -1.00000E+00
  9.94334E+15  3.49287E-20  2.88633E-10  1.35287E+06 -1.00000E+00
  9.99354E+15  3.46253E-20  2.86125E-10  1.35239E+06 -1.00000E+00
  1.00440E+16  3.45359E-20  2.85387E-10  1.35236E+06 -1.00000E+00
  1.00947E+16  3.45308E-20  2.85344E-10  1.35250E+06 -1.00000E+00
  1.01457E+16  3.45634E-20  2.85614E-10  1.35309E+06 -1.00000E+00
  1.01969E+16  3.46859E-20  2.86626E-10  1.35374E+06 -1.00000E+00
  1.02484E+16  3.47646E-20  2.87276E-10  1.35431E+06 -1.00000E+00
  1.03001E+16  3.47881E-20  2.87471E-10  1.35480E+06 -1.00000E+00
  1.03521E+16  3.48040E-20  2.87602E-10  1.35519E+06 -1.00000E+00
  1.04044E+16  3.48898E-20  2.88311E-10  1.35568E+06 -1.00000E+00
  1.04569E+16  3.52251E-20  2.91082E-10  1.35651E+06 -1.00000E+00
  1.05097E+16  3.55602E-20  2.93851E-10  1.35743E+06 -1.00000E+00
  1.05628E+16  3.57004E-20  2.95009E-10  1.35829E+06 -1.00000E+00
  1.06161E+16  3.57182E-20  2.95157E-10  1.35888E+06 -1.00000E+00
  1.06697E+16  3.57361E-20  2.95304E-10  1.35982E+06 -1.00000E+00
  1.07235E+16  3.58183E-20  2.95983E-10  1.36049E+06 -1.00000E+00
  1.07777E+16  3.59955E-20  2.97448E-10  1.36203E+06 -1.00000E+00
  1.08321E+16  3.59328E-20  2.96930E-10  1.36272E+06 -1.00000E+00
