  6.27079E+13  3.41792E-07  8.96295E+04  1.63348E+01  1.00000E+00
  6.30245E+13  2.60965E-07  5.76739E+04  3.59563E+01  1.00000E+00
  6.33427E+13  1.75704E-07  3.47240E+04  7.47413E+01  1.00000E+00
  6.36625E+13  1.03494E-07  2.02702E+04  1.38674E+02  1.00000E+00
  6.39839E+13  5.31799E-08  1.23092E+04  3.56583E+02  1.00000E+00
  6.43069E+13  2.55811E-08  8.38512E+03  6.90682E+02  1.00000E+00
  6.46316E+13  1.48927E-08  6.36371E+03 -5.97893E+01  1.00000E+00
  6.49579E+13  1.13922E-08  5.02057E+03 -5.90458E+02  1.00000E+00
  6.52858E+13  9.30214E-09  3.95957E+03 -4.55681E+02  1.00000E+00
  6.56154E+13  7.34849E-09  3.11124E+03 -2.93156E+02  1.00000E+00
  6.59467E+13  5.61007E-09  2.45671E+03 -1.80264E+02  1.00000E+00
  6.62796E+13  4.26953E-09  1.96072E+03 -1.85559E+02  1.00000E+00
  6.66143E+13  3.29770E-09  1.58261E+03 -2.30430E+02  1.00000E+00
  6.69506E+13  2.58583E-09  1.28974E+03 -2.63822E+02  1.00000E+00
  6.72886E+13  2.03939E-09  1.06052E+03 -2.75424E+02  1.00000E+00
  6.76283E+13  1.60599E-09  8.80738E+02 -2.78917E+02  1.00000E+00
  6.79697E+13  1.25864E-09  7.40189E+02 -2.79126E+02  1.00000E+00
  6.83129E+13  9.82265E-10  6.30817E+02 -2.72124E+02  1.00000E+00
  6.86578E+13  7.68267E-10  5.45832E+02 -2.58774E+02  1.00000E+00
  6.90044E+13  6.10326E-10  4.79239E+02 -2.50866E+02  1.00000E+00
  6.93528E+13  4.99658E-10  4.25858E+02 -2.63143E+02  1.00000E+00
  6.97029E+13  4.23281E-10  3.81643E+02 -2.90972E+02  1.00000E+00
  7.00548E+13  3.67334E-10  3.43914E+02 -3.13103E+02  1.00000E+00
  7.04085E+13  3.22178E-10  3.11156E+02 -3.16379E+02  1.00000E+00
  7.07640E+13  2.83845E-10  2.82506E+02 -3.12909E+02  1.00000E+00
  7.11213E+13  2.51148E-10  2.57339E+02 -3.13293E+02  1.00000E+00
  7.14803E+13  2.23297E-10  2.35131E+02 -3.15536E+02  1.00000E+00
  7.18412E+13  1.99483E-10  2.15438E+02 -3.17325E+02  1.00000E+00
  7.22039E+13  1.79019E-10  1.97895E+02 -3.18813E+02  1.00000E+00
  7.25684E+13  1.61355E-10  1.82197E+02 -3.20363E+02  1.00000E+00
  7.29348E+13  1.46035E-10  1.68090E+02 -3.21730E+02  1.00000E+00
  7.33030E+13  1.32684E-10  1.55362E+02 -3.23082E+02  1.00000E+00
  7.36731E+13  1.20988E-10  1.43836E+02 -3.24520E+02  1.00000E+00
  7.40451E+13  1.10673E-10  1.33362E+02 -3.25919E+02  1.00000E+00
  7.44189E+13  1.01509E-10  1.23816E+02 -3.27293E+02  1.00000E+00
  7.47946E+13  9.33012E-11  1.15095E+02 -3.28559E+02  1.00000E+00
  7.51722E+13  8.58995E-11  1.07113E+02 -3.29468E+02  1.00000E+00
  7.55517E+13  7.91988E-11  9.97966E+01 -3.30054E+02  1.00000E+00
  7.59332E+13  7.31308E-11  9.30793E+01 -3.30563E+02  1.00000E+00
  7.63165E+13  6.76430E-11  8.69028E+01 -3.31158E+02  1.00000E+00
  7.67018E+13  6.26835E-11  8.12132E+01 -3.31973E+02  1.00000E+00
  7.70891E+13  5.81951E-11  7.59624E+01 -3.32888E+02  1.00000E+00
  7.74783E+13  5.41208E-11  7.11080E+01 -3.33645E+02  1.00000E+00
  7.78694E+13  5.04131E-11  6.66125E+01 -3.34369E+02  1.00000E+00
  7.82626E+13  4.70308E-11  6.24429E+01 -3.35194E+02  1.00000E+00
  7.86577E+13  4.39354E-11  5.85699E+01 -3.35944E+02  1.00000E+00
  7.90548E+13  4.10950E-11  5.49678E+01 -3.36543E+02  1.00000E+00
  7.94539E+13  3.84842E-11  5.16134E+01 -3.37195E+02  1.00000E+00
  7.98551E+13  3.60785E-11  4.84863E+01 -3.38139E+02  1.00000E+00
  8.02582E+13  3.38501E-11  4.55682E+01 -3.39073E+02  1.00000E+00
  8.06634E+13  3.17767E-11  4.28433E+01 -3.39339E+02  1.00000E+00
  8.10707E+13  2.98530E-11  4.02973E+01 -3.38923E+02  1.00000E+00
  8.14800E+13  2.80798E-11  3.79160E+01 -3.40860E+02  1.00000E+00
  8.18913E+13  2.64323E-11  3.56865E+01 -3.40686E+02  1.00000E+00
  8.23048E+13  2.49039E-11  3.35974E+01 -3.41784E+02  1.00000E+00
  8.27203E+13  2.34796E-11  3.16384E+01 -3.42296E+02  1.00000E+00
  8.31379E+13  2.21500E-11  2.98001E+01 -3.42660E+02  1.00000E+00
  8.35577E+13  2.09098E-11  2.80741E+01 -3.43170E+02  1.00000E+00
  8.39795E+13  1.97520E-11  2.64523E+01 -3.44018E+02  1.00000E+00
  8.44035E+13  1.86650E-11  2.49278E+01 -3.44958E+02  1.00000E+00
  8.48296E+13  1.76369E-11  2.34944E+01 -3.45621E+02  1.00000E+00
  8.52579E+13  1.66602E-11  2.21469E+01 -3.46137E+02  1.00000E+00
  8.56883E+13  1.57317E-11  2.08807E+01 -3.46572E+02  1.00000E+00
  8.61209E+13  1.48518E-11  1.96913E+01 -3.46411E+02  1.00000E+00
  8.65557E+13  1.40267E-11  1.85738E+01 -3.46187E+02  1.00000E+00
  8.69927E+13  1.32615E-11  1.75231E+01 -3.46996E+02  1.00000E+00
  8.74319E+13  1.25509E-11  1.65343E+01 -3.48152E+02  1.00000E+00
  8.78733E+13  1.18862E-11  1.56028E+01 -3.48530E+02  1.00000E+00
  8.83170E+13  1.12639E-11  1.47248E+01 -3.48675E+02  1.00000E+00
  8.87629E+13  1.06835E-11  1.38966E+01 -3.49248E+02  1.00000E+00
  8.92110E+13  1.01419E-11  1.31147E+01 -3.50016E+02  1.00000E+00
  8.96614E+13  9.63441E-12  1.23759E+01 -3.50635E+02  1.00000E+00
  9.01141E+13  9.15767E-12  1.16773E+01 -3.50862E+02  1.00000E+00
  9.05690E+13  8.71058E-12  1.10165E+01 -3.51329E+02  1.00000E+00
  9.10263E+13  8.29087E-12  1.03909E+01 -3.52218E+02  1.00000E+00
  9.14858E+13  7.89409E-12  9.79824E+00 -3.53029E+02  1.00000E+00
  9.19477E+13  7.51716E-12  9.23679E+00 -3.53076E+02  1.00000E+00
  9.24119E+13  7.16100E-12  8.70475E+00 -3.52936E+02  1.00000E+00
  9.28785E+13  6.82718E-12  8.20026E+00 -3.53831E+02  1.00000E+00
  9.33474E+13  6.51404E-12  7.72152E+00 -3.54114E+02  1.00000E+00
  9.38187E+13  6.22068E-12  7.26683E+00 -3.54503E+02  1.00000E+00
  9.42923E+13  5.94704E-12  6.83458E+00 -3.54375E+02  1.00000E+00
  9.47684E+13  5.69444E-12  6.42312E+00 -3.49275E+02  1.00000E+00
  9.52468E+13  5.45706E-12  6.03084E+00 -3.69967E+02  1.00000E+00
  9.57277E+13  5.18137E-12  5.65843E+00 -3.51082E+02  1.00000E+00
  9.62110E+13  4.84253E-12  5.30903E+00 -4.12405E+02  1.00000E+00
  9.66967E+13  4.30310E-12  4.99154E+00 -4.19116E+02  1.00000E+00
  9.71849E+13  3.57630E-12  4.71973E+00 -3.66683E+02  1.00000E+00
  9.76756E+13  2.87675E-12  4.49919E+00 -2.83711E+02  1.00000E+00
  9.81687E+13  2.44535E-12  4.31862E+00 -2.46656E+02  1.00000E+00
  9.86643E+13  2.31100E-12  4.15754E+00 -3.92388E+02  1.00000E+00
  9.91624E+13  2.22713E-12  4.00421E+00 -3.64596E+02  1.00000E+00
  9.96631E+13  2.15170E-12  3.85704E+00 -3.57428E+02  1.00000E+00
  1.00166E+14  2.08686E-12  3.71530E+00 -3.58715E+02  1.00000E+00
  1.00672E+14  2.02768E-12  3.57836E+00 -3.65562E+02  1.00000E+00
  1.01180E+14  1.96539E-12  3.44614E+00 -3.60290E+02  1.00000E+00
  1.01691E+14  1.90512E-12  3.31863E+00 -3.60522E+02  1.00000E+00
  1.02204E+14  1.84832E-12  3.19560E+00 -3.63023E+02  1.00000E+00
  1.02720E+14  1.79299E-12  3.07683E+00 -3.62242E+02  1.00000E+00
  1.03239E+14  1.73985E-12  2.96219E+00 -3.62660E+02  1.00000E+00
  1.03760E+14  1.68913E-12  2.85148E+00 -3.62914E+02  1.00000E+00
  1.04284E+14  1.64059E-12  2.74451E+00 -3.64262E+02  1.00000E+00
  1.04811E+14  1.59290E-12  2.64115E+00 -3.64804E+02  1.00000E+00
  1.05340E+14  1.54575E-12  2.54132E+00 -3.64327E+02  1.00000E+00
  1.05872E+14  1.50024E-12  2.44494E+00 -3.64168E+02  1.00000E+00
  1.06406E+14  1.45702E-12  2.35183E+00 -3.65825E+02  1.00000E+00
  1.06943E+14  1.41494E-12  2.26186E+00 -3.66291E+02  1.00000E+00
  1.07483E+14  1.37386E-12  2.17493E+00 -3.65242E+02  1.00000E+00
  1.08026E+14  1.33495E-12  2.09093E+00 -3.66410E+02  1.00000E+00
  1.08571E+14  1.29747E-12  2.00969E+00 -3.67962E+02  1.00000E+00
  1.09119E+14  1.26019E-12  1.93116E+00 -3.67693E+02  1.00000E+00
  1.09670E+14  1.22360E-12  1.85529E+00 -3.67338E+02  1.00000E+00
  1.10224E+14  1.18826E-12  1.78198E+00 -3.69048E+02  1.00000E+00
  1.10780E+14  1.15341E-12  1.71116E+00 -3.69359E+02  1.00000E+00
  1.11340E+14  1.11923E-12  1.64278E+00 -3.68123E+02  1.00000E+00
  1.11902E+14  1.08693E-12  1.57673E+00 -3.69353E+02  1.00000E+00
  1.12467E+14  1.05617E-12  1.51289E+00 -3.70329E+02  1.00000E+00
  1.13035E+14  1.02630E-12  1.45116E+00 -3.70228E+02  1.00000E+00
  1.13605E+14  9.97220E-13  1.39149E+00 -3.72100E+02  1.00000E+00
  1.14179E+14  9.68134E-13  1.33382E+00 -3.72215E+02  1.00000E+00
  1.14755E+14  9.39369E-13  1.27813E+00 -3.70722E+02  1.00000E+00
  1.15335E+14  9.12108E-13  1.22435E+00 -3.72370E+02  1.00000E+00
  1.15917E+14  8.86004E-13  1.17238E+00 -3.72975E+02  1.00000E+00
  1.16502E+14  8.60680E-13  1.12215E+00 -3.73356E+02  1.00000E+00
  1.17090E+14  8.36008E-13  1.07360E+00 -3.74140E+02  1.00000E+00
  1.17681E+14  8.11753E-13  1.02669E+00 -3.74723E+02  1.00000E+00
  1.18276E+14  7.87813E-13  9.81382E-01 -3.75269E+02  1.00000E+00
  1.18873E+14  7.64318E-13  9.37636E-01 -3.76298E+02  1.00000E+00
  1.19473E+14  7.42345E-13  8.95396E-01 -3.67131E+02  1.00000E+00
  1.20076E+14  7.24379E-13  8.54482E-01 -3.80982E+02  1.00000E+00
  1.20682E+14  7.03284E-13  8.14821E-01 -3.87751E+02  1.00000E+00
  1.21292E+14  6.71324E-13  7.76815E-01 -3.85366E+02  1.00000E+00
  1.21904E+14  6.23390E-13  7.41170E-01 -4.23277E+02  1.00000E+00
  1.22519E+14  5.51414E-13  7.08981E-01 -3.88651E+02  1.00000E+00
  1.23138E+14  4.78865E-13  6.81036E-01 -3.27829E+02  1.00000E+00
  1.23760E+14  4.35053E-13  6.56389E-01 -3.30271E+02  1.00000E+00
  1.24384E+14  4.17275E-13  6.33466E-01 -4.02234E+02  1.00000E+00
  1.25012E+14  4.03271E-13  6.11472E-01 -3.77797E+02  1.00000E+00
  1.25644E+14  3.91147E-13  5.90294E-01 -3.77836E+02  1.00000E+00
  1.26278E+14  3.80846E-13  5.69814E-01 -3.83630E+02  1.00000E+00
  1.26915E+14  3.70816E-13  5.49970E-01 -3.83739E+02  1.00000E+00
  1.27556E+14  3.60836E-13  5.30753E-01 -3.81010E+02  1.00000E+00
  1.28200E+14  3.51599E-13  5.12136E-01 -3.83818E+02  1.00000E+00
  1.28847E+14  3.42775E-13  4.94081E-01 -3.84400E+02  1.00000E+00
  1.29498E+14  3.34067E-13  4.76569E-01 -3.86146E+02  1.00000E+00
  1.30152E+14  3.25355E-13  4.59594E-01 -3.84198E+02  1.00000E+00
  1.30809E+14  3.17157E-13  4.43139E-01 -3.85956E+02  1.00000E+00
  1.31469E+14  3.09262E-13  4.27175E-01 -3.87872E+02  1.00000E+00
  1.32133E+14  3.01300E-13  4.11693E-01 -3.87930E+02  1.00000E+00
  1.32800E+14  2.93449E-13  3.96689E-01 -3.87405E+02  1.00000E+00
  1.33471E+14  2.86086E-13  3.82143E-01 -3.87657E+02  1.00000E+00
  1.34144E+14  2.79268E-13  3.68023E-01 -3.90635E+02  1.00000E+00
  1.34822E+14  2.72455E-13  3.54311E-01 -3.91791E+02  1.00000E+00
  1.35502E+14  2.65445E-13  3.41011E-01 -3.90602E+02  1.00000E+00
  1.36186E+14  2.58649E-13  3.28118E-01 -3.91418E+02  1.00000E+00
  1.36874E+14  2.52205E-13  3.15614E-01 -3.92211E+02  1.00000E+00
  1.37565E+14  2.45933E-13  3.03481E-01 -3.94921E+02  1.00000E+00
  1.38259E+14  2.39502E-13  2.91717E-01 -3.94486E+02  1.00000E+00
  1.38958E+14  2.33027E-13  2.80324E-01 -3.95492E+02  1.00000E+00
  1.39659E+14  2.26451E-13  2.69301E-01 -3.97541E+02  1.00000E+00
  1.40364E+14  2.19693E-13  2.58651E-01 -3.96334E+02  1.00000E+00
  1.41073E+14  2.13129E-13  2.48373E-01 -3.97159E+02  1.00000E+00
  1.41785E+14  2.06864E-13  2.38449E-01 -3.99013E+02  1.00000E+00
  1.42501E+14  2.00716E-13  2.28866E-01 -4.00238E+02  1.00000E+00
  1.43220E+14  1.94585E-13  2.19619E-01 -4.00646E+02  1.00000E+00
  1.43943E+14  1.88474E-13  2.10702E-01 -4.02633E+02  1.00000E+00
  1.44670E+14  1.82333E-13  2.02115E-01 -4.02572E+02  1.00000E+00
  1.45400E+14  1.76308E-13  1.93851E-01 -4.03903E+02  1.00000E+00
  1.46135E+14  1.70445E-13  1.85902E-01 -4.04836E+02  1.00000E+00
  1.46872E+14  1.64775E-13  1.78255E-01 -4.05522E+02  1.00000E+00
  1.47614E+14  1.59400E-13  1.70898E-01 -4.06272E+02  1.00000E+00
  1.48359E+14  1.54355E-13  1.63814E-01 -4.08299E+02  1.00000E+00
  1.49108E+14  1.49559E-13  1.56985E-01 -4.09065E+02  1.00000E+00
  1.49861E+14  1.45004E-13  1.50400E-01 -4.10272E+02  1.00000E+00
  1.50618E+14  1.40636E-13  1.44047E-01 -4.12688E+02  1.00000E+00
  1.51378E+14  1.36280E-13  1.37917E-01 -4.14140E+02  1.00000E+00
  1.52142E+14  1.31886E-13  1.32012E-01 -4.14674E+02  1.00000E+00
  1.52910E+14  1.27549E-13  1.26328E-01 -4.15633E+02  1.00000E+00
  1.53682E+14  1.23312E-13  1.20859E-01 -4.17083E+02  1.00000E+00
  1.54458E+14  1.18914E-13  1.15603E-01 -4.24649E+02  1.00000E+00
  1.55238E+14  1.13900E-13  1.10577E-01 -4.18629E+02  1.00000E+00
  1.56022E+14  1.08424E-13  1.05801E-01 -4.31452E+02  1.00000E+00
  1.56809E+14  1.02077E-13  1.01301E-01 -4.23901E+02  1.00000E+00
  1.57601E+14  9.58846E-14  9.70963E-02 -4.16396E+02  1.00000E+00
  1.58397E+14  9.10528E-14  9.31470E-02 -4.20546E+02  1.00000E+00
  1.59196E+14  8.72898E-14  8.93944E-02 -4.31866E+02  1.00000E+00
  1.60000E+14  8.39067E-14  8.58105E-02 -4.26169E+02  1.00000E+00
  1.60808E+14  8.10840E-14  8.23745E-02 -4.33180E+02  1.00000E+00
  1.61620E+14  7.85732E-14  7.90648E-02 -4.35110E+02  1.00000E+00
  1.62436E+14  7.62158E-14  7.58725E-02 -4.35515E+02  1.00000E+00
  1.63256E+14  7.40813E-14  7.27887E-02 -4.39025E+02  1.00000E+00
  1.64080E+14  7.20914E-14  6.98039E-02 -4.41548E+02  1.00000E+00
  1.64908E+14  7.01823E-14  6.69136E-02 -4.42465E+02  1.00000E+00
  1.65741E+14  6.84020E-14  6.41125E-02 -4.45544E+02  1.00000E+00
  1.66578E+14  6.66479E-14  6.13957E-02 -4.50363E+02  1.00000E+00
  1.67419E+14  6.48958E-14  5.87637E-02 -4.44638E+02  1.00000E+00
  1.68264E+14  6.33902E-14  5.62097E-02 -4.57438E+02  1.00000E+00
  1.69114E+14  6.17728E-14  5.37291E-02 -4.58147E+02  1.00000E+00
  1.69967E+14  6.00978E-14  5.13273E-02 -4.52320E+02  1.00000E+00
  1.70825E+14  5.87618E-14  4.89975E-02 -4.62408E+02  1.00000E+00
  1.71688E+14  5.73994E-14  4.67290E-02 -4.70147E+02  1.00000E+00
  1.72555E+14  5.56849E-14  4.45326E-02 -4.65036E+02  1.00000E+00
  1.73426E+14  5.40301E-14  4.24138E-02 -4.70497E+02  1.00000E+00
  1.74301E+14  5.28608E-14  4.03633E-02 -4.76748E+02  9.96826E-01
  1.75181E+14  5.20353E-14  3.83692E-02 -4.83286E+02  9.91762E-01
  1.76066E+14  5.07832E-14  3.64302E-02 -5.08301E+02  9.86671E-01
  1.76955E+14  4.84272E-14  3.45799E-02 -4.76433E+02  9.81555E-01
  1.77848E+14  4.55184E-14  3.28453E-02 -5.19411E+02  9.76414E-01
  1.78746E+14  4.13910E-14  3.12550E-02 -4.99542E+02  9.71246E-01
  1.79648E+14  3.69965E-14  2.98412E-02 -4.83461E+02  9.66052E-01
  1.80555E+14  3.38691E-14  2.85794E-02 -4.74364E+02  9.60832E-01
  1.81467E+14  3.22488E-14  2.74117E-02 -5.23249E+02  9.55586E-01
  1.82383E+14  3.09719E-14  2.63049E-02 -5.04073E+02  9.50313E-01
  1.83304E+14  2.99787E-14  2.52499E-02 -5.16214E+02  9.45013E-01
  1.84229E+14  2.91482E-14  2.42366E-02 -5.19021E+02  9.39687E-01
  1.85160E+14  2.83532E-14  2.32616E-02 -5.24057E+02  9.34334E-01
  1.86094E+14  2.75659E-14  2.23237E-02 -5.26203E+02  9.28954E-01
  1.87034E+14  2.68092E-14  2.14216E-02 -5.31087E+02  9.23546E-01
  1.87978E+14  2.60808E-14  2.05535E-02 -5.35015E+02  9.18112E-01
  1.88927E+14  2.53793E-14  1.97182E-02 -5.38551E+02  9.12649E-01
  1.89881E+14  2.47245E-14  1.89138E-02 -5.42833E+02  9.07160E-01
  1.90840E+14  2.41245E-14  1.81383E-02 -5.46897E+02  9.01642E-01
  1.91803E+14  2.35764E-14  1.73894E-02 -5.51587E+02  8.96097E-01
  1.92771E+14  2.30644E-14  1.66653E-02 -5.56130E+02  8.90524E-01
  1.93745E+14  2.25714E-14  1.59647E-02 -5.60649E+02  8.84923E-01
  1.94723E+14  2.20883E-14  1.52869E-02 -5.65085E+02  8.79293E-01
  1.95706E+14  2.16141E-14  1.46311E-02 -5.69498E+02  8.73635E-01
  1.96694E+14  2.11486E-14  1.39968E-02 -5.74307E+02  8.67948E-01
  1.97687E+14  2.06899E-14  1.33834E-02 -5.78703E+02  8.62233E-01
  1.98685E+14  2.02415E-14  1.27902E-02 -5.83431E+02  8.56489E-01
  1.99688E+14  1.98011E-14  1.22167E-02 -5.88563E+02  8.50716E-01
  2.00696E+14  1.93645E-14  1.16624E-02 -5.92854E+02  8.44913E-01
  2.01710E+14  1.89430E-14  1.11266E-02 -5.97581E+02  8.39082E-01
  2.02728E+14  1.85369E-14  1.06087E-02 -6.03322E+02  8.33221E-01
  2.03751E+14  1.81176E-14  1.01081E-02 -6.08854E+02  8.27330E-01
  2.04780E+14  1.76923E-14  9.62518E-03 -6.11206E+02  8.21409E-01
  2.05814E+14  1.73148E-14  9.15895E-03 -6.17079E+02  8.15459E-01
  2.06853E+14  1.69301E-14  8.70800E-03 -6.25859E+02  8.09479E-01
  2.07897E+14  1.64815E-14  8.27368E-03 -6.26598E+02  8.03468E-01
  2.08947E+14  1.60467E-14  7.85622E-03 -6.34699E+02  7.97427E-01
  2.10002E+14  1.56640E-14  7.45448E-03 -6.35331E+02  7.91356E-01
  2.11062E+14  1.53930E-14  7.06613E-03 -6.46050E+02  7.85254E-01
  2.12128E+14  1.51454E-14  6.68870E-03 -6.50917E+02  7.79121E-01
  2.13199E+14  1.47638E-14  6.32348E-03 -6.61589E+02  7.72957E-01
  2.14275E+14  1.41627E-14  5.97484E-03 -6.63660E+02  7.66762E-01
  2.15357E+14  1.34045E-14  5.64716E-03 -6.64231E+02  7.60536E-01
  2.16444E+14  1.25606E-14  5.34248E-03 -6.81493E+02  7.54279E-01
  2.17537E+14  1.16922E-14  5.06217E-03 -6.60814E+02  7.47989E-01
  2.18635E+14  1.10436E-14  4.80306E-03 -6.89843E+02  7.41668E-01
  2.19739E+14  1.05075E-14  4.56044E-03 -6.84250E+02  7.35316E-01
  2.20848E+14  1.00879E-14  4.33194E-03 -6.95449E+02  7.28931E-01
  2.21963E+14  9.76506E-15  4.11455E-03 -6.98584E+02  7.22513E-01
  2.23084E+14  9.49567E-15  3.90650E-03 -7.08136E+02  7.16064E-01
  2.24210E+14  9.24430E-15  3.70688E-03 -7.11134E+02  7.09582E-01
  2.25342E+14  9.00803E-15  3.51521E-03 -7.19611E+02  7.03067E-01
  2.26480E+14  8.77908E-15  3.33106E-03 -7.23172E+02  6.96519E-01
  2.27623E+14  8.55732E-15  3.15417E-03 -7.31027E+02  6.89938E-01
  2.28772E+14  8.34009E-15  2.98423E-03 -7.35070E+02  6.83324E-01
  2.29927E+14  8.12712E-15  2.82106E-03 -7.42265E+02  6.76677E-01
  2.31088E+14  7.91529E-15  2.66442E-03 -7.47287E+02  6.69996E-01
  2.32255E+14  7.70450E-15  2.51421E-03 -7.53267E+02  6.63281E-01
  2.33428E+14  7.49484E-15  2.37023E-03 -7.59516E+02  6.56532E-01
  2.34606E+14  7.28405E-15  2.23237E-03 -7.64505E+02  6.49750E-01
  2.35790E+14  7.07858E-15  2.10047E-03 -7.70755E+02  6.42933E-01
  2.36981E+14  6.87246E-15  1.97429E-03 -7.77247E+02  6.36081E-01
  2.38177E+14  6.66795E-15  1.85381E-03 -7.80644E+02  6.29195E-01
  2.39380E+14  6.47769E-15  1.73870E-03 -7.89062E+02  6.22275E-01
  2.40588E+14  6.28313E-15  1.62868E-03 -7.93879E+02  6.15319E-01
  2.41803E+14  6.08415E-15  1.52385E-03 -7.98195E+02  6.08328E-01
  2.43024E+14  5.89858E-15  1.42395E-03 -8.05296E+02  6.01302E-01
  2.44251E+14  5.71849E-15  1.32868E-03 -8.10775E+02  5.94241E-01
  2.45484E+14  5.53382E-15  1.23795E-03 -8.17000E+02  5.87143E-01
  2.46723E+14  5.34741E-15  1.15172E-03 -8.21564E+02  5.80010E-01
  2.47969E+14  5.16893E-15  1.06983E-03 -8.27848E+02  5.72841E-01
  2.49221E+14  4.99363E-15  9.92041E-04 -8.34275E+02  5.65636E-01
  2.50479E+14  4.81344E-15  9.18309E-04 -8.38951E+02  5.58394E-01
  2.51744E+14  4.63238E-15  8.48570E-04 -8.45474E+02  5.51116E-01
  2.53015E+14  4.45059E-15  7.82716E-04 -8.50745E+02  5.43801E-01
  2.54292E+14  4.27129E-15  7.20658E-04 -8.56069E+02  5.36449E-01
  2.55576E+14  4.10007E-15  6.62204E-04 -8.61877E+02  5.29060E-01
  2.56866E+14  3.93383E-15  6.07155E-04 -8.67541E+02  5.21634E-01
  2.58163E+14  3.76613E-15  5.55398E-04 -8.73113E+02  5.14170E-01
  2.59466E+14  3.59032E-15  5.06899E-04 -8.78576E+02  5.06669E-01
  2.60776E+14  3.40586E-15  4.61689E-04 -8.82621E+02  4.99130E-01
  2.62093E+14  3.22435E-15  4.19720E-04 -8.86632E+02  4.91552E-01
  2.63416E+14  3.06177E-15  3.80756E-04 -8.90016E+02  4.83937E-01
  2.64746E+14  2.92577E-15  3.44408E-04 -8.94297E+02  4.76283E-01
  2.66083E+14  2.80840E-15  3.10309E-04 -8.97268E+02  4.68590E-01
  2.67426E+14  2.69370E-15  2.78271E-04 -8.99458E+02  4.60858E-01
  2.68776E+14  2.56485E-15  2.48294E-04 -8.99848E+02  4.53088E-01
  2.70133E+14  2.41210E-15  2.20542E-04 -8.96906E+02  4.45278E-01
  2.71497E+14  2.24331E-15  1.95183E-04 -8.92937E+02  4.37429E-01
  2.72867E+14  2.06641E-15  1.72237E-04 -8.87191E+02  4.29540E-01
  2.74245E+14  1.88332E-15  1.51696E-04 -8.76500E+02  4.21611E-01
  2.75630E+14  1.70202E-15  1.33500E-04 -8.63474E+02  4.13642E-01
  2.77021E+14  1.53108E-15  1.17492E-04 -8.46215E+02  4.05633E-01
  2.78420E+14  1.37547E-15  1.03456E-04 -8.25457E+02  3.97584E-01
  2.79825E+14  1.23723E-15  9.11558E-05 -8.00682E+02  3.89494E-01
  2.81238E+14  1.11578E-15  8.03606E-05 -7.71559E+02  3.81363E-01
  2.82658E+14  1.00956E-15  7.08638E-05 -7.37149E+02  3.73191E-01
  2.84085E+14  9.16836E-16  6.24842E-05 -6.96929E+02  3.64978E-01
  2.85519E+14  8.35203E-16  5.50691E-05 -6.52766E+02  3.56723E-01
  2.86961E+14  7.62376E-16  4.84953E-05 -6.01441E+02  3.48427E-01
  2.88410E+14  6.97098E-16  4.26612E-05 -5.44307E+02  3.40089E-01
  2.89866E+14  6.38235E-16  3.74782E-05 -4.79138E+02  3.31708E-01
  2.91329E+14  5.84975E-16  3.28731E-05 -4.07164E+02  3.23286E-01
  2.92800E+14  5.36558E-16  2.87793E-05 -3.25679E+02  3.14820E-01
  2.94278E+14  4.92300E-16  2.51428E-05 -2.33159E+02  3.06313E-01
  2.95764E+14  4.51873E-16  2.19137E-05 -1.28396E+02  2.97762E-01
  2.97257E+14  4.14567E-16  1.90487E-05 -7.98214E+00  2.89168E-01
  2.98758E+14  3.80272E-16  1.65113E-05  1.28500E+02  2.80530E-01
  3.00266E+14  3.48436E-16  1.42662E-05  2.82711E+02  2.71849E-01
  3.01782E+14  3.18768E-16  1.22867E-05  4.61256E+02  2.63124E-01
  3.03306E+14  2.91293E-16  1.05445E-05  6.60580E+02  2.54356E-01
  3.04837E+14  2.65515E-16  9.01667E-06  8.88159E+02  2.45542E-01
  3.06376E+14  2.41634E-16  7.68201E-06  1.14763E+03  2.36685E-01
  3.07923E+14  2.19318E-16  6.51937E-06  1.43660E+03  2.27782E-01
  3.09477E+14  1.98632E-16  5.51248E-06  1.76683E+03  2.18835E-01
  3.11040E+14  1.79572E-16  4.64176E-06  2.13895E+03  2.09843E-01
  3.12610E+14  1.61723E-16  3.89347E-06  2.57591E+03  2.00805E-01
  3.14188E+14  1.45510E-16  3.25259E-06  3.09884E+03  1.91721E-01
  3.15775E+14  1.30399E-16  2.70523E-06  3.72587E+03  1.82592E-01
  3.17369E+14  1.16625E-16  2.24184E-06  4.49856E+03  1.73416E-01
  3.18971E+14  1.04169E-16  1.84889E-06  5.42666E+03  1.64195E-01
  3.20582E+14  9.25723E-17  1.51952E-06  6.55141E+03  1.54926E-01
  3.22200E+14  8.21518E-17  1.24460E-06  7.86298E+03  1.45611E-01
  3.23827E+14  7.30581E-17  1.01676E-06  9.35520E+03  1.36249E-01
  3.25462E+14  6.46039E-17  8.28391E-07  1.10794E+04  1.26839E-01
  3.27105E+14  5.70297E-17  6.75101E-07  1.29847E+04  1.17382E-01
  3.28756E+14  5.04923E-17  5.49932E-07  1.52042E+04  1.07878E-01
  3.30416E+14  4.46730E-17  4.48831E-07  1.75987E+04  9.83251E-02
  3.32084E+14  4.01078E-17  3.67042E-07  2.04545E+04  8.87242E-02
  3.33761E+14  3.53219E-17  3.00223E-07  2.34518E+04  7.90748E-02
  3.35446E+14  3.01476E-17  2.49124E-07  2.75932E+04  6.93768E-02
  3.37139E+14  2.49314E-17  2.06020E-07  3.52258E+04  5.96297E-02
  3.38841E+14  2.11861E-17  1.75071E-07  4.22054E+04  4.98334E-02
  3.40552E+14  1.81822E-17  1.50248E-07  5.02612E+04  3.99877E-02
  3.42271E+14  1.59137E-17  1.31503E-07  5.79967E+04  3.00923E-02
  3.43999E+14  1.41195E-17  1.16676E-07  6.62325E+04  2.01469E-02
  3.45736E+14  1.24655E-17  1.03008E-07  7.60102E+04  1.01513E-02
  3.47482E+14  1.15741E-17  9.56422E-08  8.27955E+04  1.05235E-04
  3.49236E+14  1.12600E-17  9.30471E-08  8.55833E+04 -1.66526E-03
  3.50999E+14  1.07687E-17  8.89872E-08  9.03089E+04 -3.35655E-03
  3.52771E+14  1.03392E-17  8.54378E-08  9.49155E+04 -5.05638E-03
  3.54552E+14  9.94307E-18  8.21643E-08  9.93352E+04 -6.76480E-03
  3.56342E+14  9.56421E-18  7.90336E-08  1.03704E+05 -8.48183E-03
  3.58141E+14  9.21445E-18  7.61434E-08  1.08174E+05 -1.02075E-02
  3.59949E+14  8.89644E-18  7.35155E-08  1.12795E+05 -1.19420E-02
  3.61767E+14  8.59609E-18  7.10335E-08  1.17445E+05 -1.36851E-02
  3.63593E+14  8.29973E-18  6.85846E-08  1.21984E+05 -1.54371E-02
  3.65429E+14  8.00810E-18  6.61747E-08  1.26415E+05 -1.71979E-02
  3.67274E+14  7.73165E-18  6.38903E-08  1.30856E+05 -1.89676E-02
  3.69128E+14  7.47740E-18  6.17893E-08  1.35405E+05 -2.07463E-02
  3.70992E+14  7.24319E-18  5.98539E-08  1.40060E+05 -2.25339E-02
  3.72865E+14  7.02242E-18  5.80296E-08  1.44755E+05 -2.43306E-02
  3.74747E+14  6.81110E-18  5.62834E-08  1.49450E+05 -2.61363E-02
  3.76639E+14  6.60986E-18  5.46204E-08  1.54159E+05 -2.79511E-02
  3.78541E+14  6.42087E-18  5.30587E-08  1.58923E+05 -2.97751E-02
  3.80452E+14  6.24425E-18  5.15992E-08  1.63756E+05 -3.16083E-02
  3.82372E+14  6.07736E-18  5.02201E-08  1.68632E+05 -3.34508E-02
  3.84303E+14  5.91684E-18  4.88936E-08  1.73507E+05 -3.53026E-02
  3.86243E+14  5.76097E-18  4.76057E-08  1.78360E+05 -3.71637E-02
  3.88193E+14  5.61032E-18  4.63607E-08  1.83201E+05 -3.90342E-02
  3.90153E+14  5.46647E-18  4.51720E-08  1.88061E+05 -4.09142E-02
  3.92123E+14  5.33034E-18  4.40471E-08  1.92963E+05 -4.28036E-02
  3.94102E+14  5.20132E-18  4.29810E-08  1.97903E+05 -4.47026E-02
  3.96092E+14  5.07771E-18  4.19595E-08  2.02859E+05 -4.66112E-02
  3.98092E+14  4.95783E-18  4.09689E-08  2.07806E+05 -4.85294E-02
  4.00102E+14  4.84100E-18  4.00035E-08  2.12732E+05 -5.04573E-02
  4.02122E+14  4.72767E-18  3.90669E-08  2.17648E+05 -5.23949E-02
  4.04152E+14  4.61886E-18  3.81679E-08  2.22577E+05 -5.43423E-02
  4.06192E+14  4.51535E-18  3.73125E-08  2.27539E+05 -5.62996E-02
  4.08243E+14  4.41707E-18  3.65003E-08  2.32538E+05 -5.82667E-02
  4.10304E+14  4.32305E-18  3.57234E-08  2.37563E+05 -6.02437E-02
  4.12376E+14  4.23192E-18  3.49704E-08  2.42586E+05 -6.22308E-02
  4.14458E+14  4.14245E-18  3.42310E-08  2.47584E+05 -6.42278E-02
  4.16550E+14  4.05401E-18  3.35002E-08  2.52542E+05 -6.62350E-02
  4.18653E+14  3.96674E-18  3.27791E-08  2.57462E+05 -6.82523E-02
  4.20767E+14  3.88129E-18  3.20730E-08  2.62359E+05 -7.02797E-02
  4.22891E+14  3.79843E-18  3.13882E-08  2.67251E+05 -7.23174E-02
  4.25026E+14  3.71873E-18  3.07296E-08  2.72155E+05 -7.43654E-02
  4.27172E+14  3.64235E-18  3.00984E-08  2.77080E+05 -7.64238E-02
  4.29328E+14  3.56912E-18  2.94933E-08  2.82025E+05 -7.84925E-02
  4.31496E+14  3.49868E-18  2.89112E-08  2.86984E+05 -8.05716E-02
  4.33674E+14  3.43067E-18  2.83492E-08  2.91953E+05 -8.26613E-02
  4.35864E+14  3.36485E-18  2.78053E-08  2.96927E+05 -8.47615E-02
  4.38064E+14  3.30111E-18  2.72786E-08  3.01907E+05 -8.68723E-02
  4.40276E+14  3.23940E-18  2.67687E-08  3.06892E+05 -8.89938E-02
  4.42499E+14  3.17969E-18  2.62753E-08  3.11885E+05 -9.11260E-02
  4.44733E+14  3.12182E-18  2.57971E-08  3.16884E+05 -9.32690E-02
  4.46978E+14  3.06560E-18  2.53325E-08  3.21885E+05 -9.54227E-02
  4.49235E+14  3.01076E-18  2.48793E-08  3.26881E+05 -9.75874E-02
  4.51503E+14  2.95705E-18  2.44355E-08  3.31867E+05 -9.97629E-02
  4.53782E+14  2.90431E-18  2.39997E-08  3.36838E+05 -1.01949E-01
  4.56073E+14  2.85251E-18  2.35716E-08  3.41793E+05 -1.04147E-01
  4.58376E+14  2.80171E-18  2.31519E-08  3.46734E+05 -1.06356E-01
  4.60690E+14  2.75207E-18  2.27416E-08  3.51669E+05 -1.08576E-01
  4.63016E+14  2.70373E-18  2.23422E-08  3.56602E+05 -1.10807E-01
  4.65354E+14  2.65683E-18  2.19546E-08  3.61540E+05 -1.13049E-01
  4.67703E+14  2.61139E-18  2.15792E-08  3.66485E+05 -1.15303E-01
  4.70064E+14  2.56738E-18  2.12155E-08  3.71440E+05 -1.17568E-01
  4.72437E+14  2.52468E-18  2.08627E-08  3.76401E+05 -1.19844E-01
  4.74823E+14  2.48312E-18  2.05192E-08  3.81364E+05 -1.22132E-01
  4.77220E+14  2.44251E-18  2.01836E-08  3.86324E+05 -1.24431E-01
  4.79629E+14  2.40267E-18  1.98544E-08  3.91275E+05 -1.26743E-01
  4.82051E+14  2.36346E-18  1.95304E-08  3.96212E+05 -1.29065E-01
  4.84484E+14  2.32481E-18  1.92110E-08  4.01132E+05 -1.31400E-01
  4.86930E+14  2.28669E-18  1.88960E-08  4.06034E+05 -1.33746E-01
  4.89389E+14  2.24912E-18  1.85855E-08  4.10920E+05 -1.36104E-01
  4.91859E+14  2.21217E-18  1.82802E-08  4.15791E+05 -1.38474E-01
  4.94343E+14  2.17594E-18  1.79808E-08  4.20653E+05 -1.40856E-01
  4.96838E+14  2.14051E-18  1.76881E-08  4.25510E+05 -1.43250E-01
  4.99347E+14  2.10597E-18  1.74026E-08  4.30366E+05 -1.45656E-01
  5.01868E+14  2.07235E-18  1.71248E-08  4.35225E+05 -1.48075E-01
  5.04402E+14  2.03967E-18  1.68547E-08  4.40088E+05 -1.50505E-01
  5.06948E+14  2.00789E-18  1.65921E-08  4.44955E+05 -1.52948E-01
  5.09508E+14  1.97696E-18  1.63365E-08  4.49827E+05 -1.55403E-01
  5.12080E+14  1.94681E-18  1.60874E-08  4.54699E+05 -1.57870E-01
  5.14665E+14  1.91735E-18  1.58440E-08  4.59572E+05 -1.60350E-01
  5.17264E+14  1.88852E-18  1.56057E-08  4.64440E+05 -1.62843E-01
  5.19875E+14  1.86025E-18  1.53721E-08  4.69304E+05 -1.65348E-01
  5.22500E+14  1.83249E-18  1.51427E-08  4.74160E+05 -1.67865E-01
  5.25138E+14  1.80522E-18  1.49174E-08  4.79008E+05 -1.70396E-01
  5.27789E+14  1.77843E-18  1.46960E-08  4.83848E+05 -1.72939E-01
  5.30453E+14  1.75210E-18  1.44784E-08  4.88679E+05 -1.75495E-01
  5.33132E+14  1.72623E-18  1.42646E-08  4.93503E+05 -1.78064E-01
  5.35823E+14  1.70081E-18  1.40546E-08  4.98319E+05 -1.80646E-01
  5.38528E+14  1.67585E-18  1.38483E-08  5.03127E+05 -1.83241E-01
  5.41247E+14  1.65132E-18  1.36456E-08  5.07927E+05 -1.85849E-01
  5.43980E+14  1.62721E-18  1.34464E-08  5.12719E+05 -1.88470E-01
  5.46726E+14  1.60353E-18  1.32507E-08  5.17504E+05 -1.91104E-01
  5.49486E+14  1.58027E-18  1.30585E-08  5.22281E+05 -1.93752E-01
  5.52261E+14  1.55745E-18  1.28699E-08  5.27053E+05 -1.96413E-01
  5.55049E+14  1.53506E-18  1.26850E-08  5.31819E+05 -1.99087E-01
  5.57851E+14  1.51314E-18  1.25038E-08  5.36582E+05 -2.01775E-01
  5.60667E+14  1.49167E-18  1.23264E-08  5.41343E+05 -2.04477E-01
  5.63498E+14  1.47066E-18  1.21528E-08  5.46102E+05 -2.07192E-01
  5.66343E+14  1.45009E-18  1.19828E-08  5.50860E+05 -2.09921E-01
  5.69202E+14  1.42994E-18  1.18163E-08  5.55614E+05 -2.12664E-01
  5.72076E+14  1.41018E-18  1.16530E-08  5.60365E+05 -2.15420E-01
  5.74964E+14  1.39076E-18  1.14925E-08  5.65110E+05 -2.18191E-01
  5.77867E+14  1.37166E-18  1.13347E-08  5.69848E+05 -2.20975E-01
  5.80784E+14  1.35285E-18  1.11793E-08  5.74577E+05 -2.23774E-01
  5.83716E+14  1.33432E-18  1.10261E-08  5.79297E+05 -2.26587E-01
  5.86663E+14  1.31605E-18  1.08752E-08  5.84007E+05 -2.29413E-01
  5.89625E+14  1.29806E-18  1.07265E-08  5.88708E+05 -2.32255E-01
  5.92602E+14  1.28034E-18  1.05801E-08  5.93401E+05 -2.35110E-01
  5.95594E+14  1.26292E-18  1.04361E-08  5.98086E+05 -2.37980E-01
  5.98601E+14  1.24580E-18  1.02946E-08  6.02766E+05 -2.40864E-01
  6.01623E+14  1.22897E-18  1.01556E-08  6.07440E+05 -2.43763E-01
  6.04660E+14  1.21245E-18  1.00191E-08  6.12109E+05 -2.46677E-01
  6.07713E+14  1.19623E-18  9.88504E-09  6.16774E+05 -2.49605E-01
  6.10781E+14  1.18031E-18  9.75345E-09  6.21435E+05 -2.52548E-01
  6.13865E+14  1.16467E-18  9.62425E-09  6.26091E+05 -2.55506E-01
  6.16964E+14  1.14932E-18  9.49738E-09  6.30744E+05 -2.58479E-01
  6.20079E+14  1.13425E-18  9.37281E-09  6.35392E+05 -2.61467E-01
  6.23210E+14  1.11944E-18  9.25046E-09  6.40037E+05 -2.64470E-01
  6.26356E+14  1.10489E-18  9.13025E-09  6.44677E+05 -2.67488E-01
  6.29518E+14  1.09059E-18  9.01210E-09  6.49313E+05 -2.70521E-01
  6.32696E+14  1.07653E-18  8.89588E-09  6.53944E+05 -2.73570E-01
  6.35891E+14  1.06269E-18  8.78149E-09  6.58568E+05 -2.76634E-01
  6.39101E+14  1.04905E-18  8.66880E-09  6.63186E+05 -2.79713E-01
  6.42328E+14  1.03561E-18  8.55774E-09  6.67796E+05 -2.82808E-01
  6.45571E+14  1.02236E-18  8.44825E-09  6.72399E+05 -2.85919E-01
  6.48830E+14  1.00930E-18  8.34032E-09  6.76994E+05 -2.89045E-01
  6.52106E+14  9.96429E-19  8.23396E-09  6.81582E+05 -2.92188E-01
  6.55398E+14  9.83754E-19  8.12922E-09  6.86164E+05 -2.95346E-01
  6.58707E+14  9.71278E-19  8.02613E-09  6.90740E+05 -2.98520E-01
  6.62032E+14  9.59002E-19  7.92468E-09  6.95311E+05 -3.01710E-01
  6.65375E+14  9.46923E-19  7.82487E-09  6.99877E+05 -3.04916E-01
  6.68734E+14  9.35034E-19  7.72663E-09  7.04438E+05 -3.08138E-01
  6.72110E+14  9.23325E-19  7.62987E-09  7.08993E+05 -3.11377E-01
  6.75503E+14  9.11782E-19  7.53449E-09  7.13541E+05 -3.14631E-01
  6.78914E+14  9.00395E-19  7.44039E-09  7.18082E+05 -3.17903E-01
  6.82341E+14  8.89154E-19  7.34750E-09  7.22614E+05 -3.21191E-01
  6.85786E+14  8.78055E-19  7.25579E-09  7.27138E+05 -3.24495E-01
  6.89249E+14  8.67100E-19  7.16526E-09  7.31654E+05 -3.27816E-01
  6.92728E+14  8.56292E-19  7.07594E-09  7.36161E+05 -3.31154E-01
  6.96226E+14  8.45637E-19  6.98790E-09  7.40662E+05 -3.34509E-01
  6.99741E+14  8.35141E-19  6.90116E-09  7.45157E+05 -3.37881E-01
  7.03273E+14  8.24807E-19  6.81577E-09  7.49647E+05 -3.41269E-01
  7.06824E+14  8.14635E-19  6.73172E-09  7.54132E+05 -3.44675E-01
  7.10393E+14  8.04623E-19  6.64898E-09  7.58612E+05 -3.48098E-01
  7.13979E+14  7.94764E-19  6.56751E-09  7.63087E+05 -3.51539E-01
  7.17584E+14  7.85051E-19  6.48725E-09  7.67556E+05 -3.54996E-01
  7.21207E+14  7.75479E-19  6.40815E-09  7.72019E+05 -3.58471E-01
  7.24848E+14  7.66044E-19  6.33019E-09  7.76476E+05 -3.61964E-01
  7.28507E+14  7.56744E-19  6.25333E-09  7.80928E+05 -3.65474E-01
  7.32185E+14  7.47580E-19  6.17761E-09  7.85373E+05 -3.69003E-01
  7.35882E+14  7.38555E-19  6.10303E-09  7.89813E+05 -3.72548E-01
  7.39597E+14  7.29671E-19  6.02962E-09  7.94249E+05 -3.76112E-01
  7.43331E+14  7.20930E-19  5.95738E-09  7.98681E+05 -3.79694E-01
  7.47084E+14  7.12329E-19  5.88631E-09  8.03109E+05 -3.83294E-01
  7.50855E+14  7.03864E-19  5.81636E-09  8.07533E+05 -3.86912E-01
  7.54646E+14  6.95528E-19  5.74748E-09  8.11953E+05 -3.90548E-01
  7.58456E+14  6.87313E-19  5.67959E-09  8.16367E+05 -3.94203E-01
  7.62285E+14  6.79209E-19  5.61262E-09  8.20775E+05 -3.97876E-01
  7.66134E+14  6.71208E-19  5.54651E-09  8.25176E+05 -4.01567E-01
  7.70002E+14  6.63303E-19  5.48119E-09  8.29568E+05 -4.05278E-01
  7.73889E+14  6.55492E-19  5.41664E-09  8.33952E+05 -4.09007E-01
  7.77796E+14  6.47774E-19  5.35286E-09  8.38328E+05 -4.12754E-01
  7.81723E+14  6.40150E-19  5.28986E-09  8.42696E+05 -4.16521E-01
  7.85670E+14  6.32624E-19  5.22767E-09  8.47056E+05 -4.20307E-01
  7.89636E+14  6.25199E-19  5.16631E-09  8.51410E+05 -4.24112E-01
  7.93623E+14  6.17878E-19  5.10582E-09  8.55757E+05 -4.27936E-01
  7.97630E+14  6.10664E-19  5.04621E-09  8.60099E+05 -4.31779E-01
  8.01657E+14  6.03557E-19  4.98747E-09  8.64436E+05 -4.35642E-01
  8.05704E+14  5.96555E-19  4.92962E-09  8.68768E+05 -4.39524E-01
  8.09772E+14  5.89656E-19  4.87261E-09  8.73095E+05 -4.43426E-01
  8.13860E+14  5.82858E-19  4.81643E-09  8.77417E+05 -4.47348E-01
  8.17969E+14  5.76156E-19  4.76105E-09  8.81733E+05 -4.51289E-01
  8.22099E+14  5.69548E-19  4.70645E-09  8.86043E+05 -4.55250E-01
  8.26249E+14  5.63031E-19  4.65259E-09  8.90348E+05 -4.59232E-01
  8.30421E+14  5.56602E-19  4.59946E-09  8.94647E+05 -4.63233E-01
  8.34613E+14  5.50259E-19  4.54705E-09  8.98940E+05 -4.67255E-01
  8.38827E+14  5.44002E-19  4.49534E-09  9.03227E+05 -4.71297E-01
  8.43062E+14  5.37828E-19  4.44433E-09  9.07508E+05 -4.75359E-01
  8.47318E+14  5.31737E-19  4.39400E-09  9.11784E+05 -4.79442E-01
  8.51596E+14  5.25728E-19  4.34434E-09  9.16054E+05 -4.83545E-01
  8.55895E+14  5.19799E-19  4.29534E-09  9.20318E+05 -4.87669E-01
  8.60216E+14  5.13948E-19  4.24700E-09  9.24576E+05 -4.91814E-01
  8.64559E+14  5.08175E-19  4.19929E-09  9.28829E+05 -4.95980E-01
  8.68924E+14  5.02478E-19  4.15221E-09  9.33076E+05 -5.00167E-01
  8.73311E+14  4.96855E-19  4.10575E-09  9.37317E+05 -5.04375E-01
  8.77720E+14  4.91305E-19  4.05988E-09  9.41553E+05 -5.08604E-01
  8.82151E+14  4.85826E-19  4.01461E-09  9.45783E+05 -5.12855E-01
  8.86605E+14  4.80418E-19  3.96992E-09  9.50008E+05 -5.17127E-01
  8.91081E+14  4.75079E-19  3.92581E-09  9.54226E+05 -5.21421E-01
  8.95580E+14  4.69810E-19  3.88226E-09  9.58440E+05 -5.25736E-01
  9.00101E+14  4.64609E-19  3.83929E-09  9.62648E+05 -5.30073E-01
  9.04646E+14  4.59476E-19  3.79687E-09  9.66850E+05 -5.34432E-01
  9.09213E+14  4.54410E-19  3.75500E-09  9.71047E+05 -5.38813E-01
  9.13803E+14  4.49409E-19  3.71368E-09  9.75239E+05 -5.43217E-01
  9.18417E+14  4.44472E-19  3.67289E-09  9.79426E+05 -5.47642E-01
  9.23054E+14  4.39599E-19  3.63261E-09  9.83607E+05 -5.52090E-01
  9.27714E+14  4.34787E-19  3.59285E-09  9.87782E+05 -5.56560E-01
  9.32397E+14  4.30035E-19  3.55359E-09  9.91952E+05 -5.61053E-01
  9.37105E+14  4.25343E-19  3.51481E-09  9.96115E+05 -5.65568E-01
  9.41836E+14  4.20710E-19  3.47652E-09  1.00027E+06 -5.70106E-01
  9.46591E+14  4.16134E-19  3.43871E-09  1.00443E+06 -5.74668E-01
  9.51370E+14  4.11617E-19  3.40138E-09  1.00857E+06 -5.79252E-01
  9.56173E+14  4.07157E-19  3.36453E-09  1.01271E+06 -5.83859E-01
  9.61001E+14  4.02753E-19  3.32814E-09  1.01685E+06 -5.88490E-01
  9.65852E+14  3.98405E-19  3.29221E-09  1.02098E+06 -5.93144E-01
  9.70729E+14  3.94113E-19  3.25674E-09  1.02510E+06 -5.97821E-01
  9.75629E+14  3.89874E-19  3.22171E-09  1.02922E+06 -6.02522E-01
  9.80555E+14  3.85689E-19  3.18713E-09  1.03333E+06 -6.07247E-01
  9.85506E+14  3.81556E-19  3.15298E-09  1.03744E+06 -6.11996E-01
  9.90481E+14  3.77476E-19  3.11926E-09  1.04154E+06 -6.16768E-01
  9.95482E+14  3.73447E-19  3.08597E-09  1.04563E+06 -6.21565E-01
  1.00051E+15  3.69470E-19  3.05310E-09  1.04972E+06 -6.26386E-01
  1.00556E+15  3.65543E-19  3.02066E-09  1.05381E+06 -6.31231E-01
  1.01064E+15  3.61666E-19  2.98862E-09  1.05789E+06 -6.36101E-01
  1.01574E+15  3.57838E-19  2.95698E-09  1.06196E+06 -6.40995E-01
  1.02087E+15  3.54057E-19  2.92574E-09  1.06603E+06 -6.45914E-01
  1.02602E+15  3.50324E-19  2.89489E-09  1.07009E+06 -6.50858E-01
  1.03120E+15  3.46637E-19  2.86443E-09  1.07415E+06 -6.55827E-01
  1.03641E+15  3.42996E-19  2.83434E-09  1.07820E+06 -6.60821E-01
  1.04164E+15  3.39402E-19  2.80464E-09  1.08225E+06 -6.65840E-01
  1.04690E+15  3.35852E-19  2.77531E-09  1.08630E+06 -6.70885E-01
  1.05218E+15  3.32347E-19  2.74634E-09  1.09033E+06 -6.75955E-01
  1.05749E+15  3.28886E-19  2.71774E-09  1.09437E+06 -6.81050E-01
  1.06283E+15  3.25466E-19  2.68948E-09  1.09840E+06 -6.86172E-01
  1.06820E+15  3.22086E-19  2.66155E-09  1.10242E+06 -6.91319E-01
  1.07359E+15  3.18746E-19  2.63395E-09  1.10644E+06 -6.96492E-01
  1.07901E+15  3.15445E-19  2.60667E-09  1.11045E+06 -7.01691E-01
  1.08446E+15  3.12182E-19  2.57970E-09  1.11446E+06 -7.06916E-01
  1.08994E+15  3.08956E-19  2.55305E-09  1.11846E+06 -7.12168E-01
  1.09544E+15  3.05768E-19  2.52670E-09  1.12246E+06 -7.17447E-01
  1.10097E+15  3.02616E-19  2.50066E-09  1.12645E+06 -7.22752E-01
  1.10653E+15  2.99502E-19  2.47492E-09  1.13044E+06 -7.28084E-01
  1.11211E+15  2.96423E-19  2.44949E-09  1.13442E+06 -7.33442E-01
  1.11773E+15  2.93381E-19  2.42435E-09  1.13839E+06 -7.38828E-01
  1.12337E+15  2.90375E-19  2.39951E-09  1.14236E+06 -7.44241E-01
  1.12904E+15  2.87406E-19  2.37497E-09  1.14633E+06 -7.49681E-01
  1.13474E+15  2.84474E-19  2.35075E-09  1.15029E+06 -7.55149E-01
  1.14047E+15  2.81580E-19  2.32683E-09  1.15424E+06 -7.60645E-01
  1.14623E+15  2.78724E-19  2.30322E-09  1.15819E+06 -7.66168E-01
  1.15202E+15  2.75904E-19  2.27992E-09  1.16213E+06 -7.71719E-01
  1.15783E+15  2.73120E-19  2.25692E-09  1.16607E+06 -7.77298E-01
  1.16368E+15  2.70370E-19  2.23420E-09  1.17001E+06 -7.82905E-01
  1.16955E+15  2.67655E-19  2.21176E-09  1.17394E+06 -7.88540E-01
  1.17546E+15  2.64972E-19  2.18959E-09  1.17786E+06 -7.94204E-01
  1.18139E+15  2.62322E-19  2.16769E-09  1.18178E+06 -7.99897E-01
  1.18736E+15  2.59704E-19  2.14606E-09  1.18570E+06 -8.05618E-01
  1.19335E+15  2.57119E-19  2.12469E-09  1.18960E+06 -8.11368E-01
  1.19938E+15  2.54564E-19  2.10359E-09  1.19351E+06 -8.17148E-01
  1.20543E+15  2.52039E-19  2.08272E-09  1.19741E+06 -8.22956E-01
  1.21152E+15  2.49542E-19  2.06208E-09  1.20130E+06 -8.28794E-01
  1.21763E+15  2.47069E-19  2.04164E-09  1.20519E+06 -8.34661E-01
  1.22378E+15  2.44619E-19  2.02140E-09  1.20907E+06 -8.40558E-01
  1.22996E+15  2.42191E-19  2.00134E-09  1.21295E+06 -8.46484E-01
  1.23617E+15  2.39787E-19  1.98148E-09  1.21682E+06 -8.52441E-01
  1.24241E+15  2.37408E-19  1.96181E-09  1.22068E+06 -8.58427E-01
  1.24868E+15  2.35055E-19  1.94237E-09  1.22454E+06 -8.64444E-01
  1.25499E+15  2.32730E-19  1.92316E-09  1.22840E+06 -8.70491E-01
  1.26132E+15  2.30435E-19  1.90420E-09  1.23226E+06 -8.76569E-01
  1.26769E+15  2.28169E-19  1.88547E-09  1.23611E+06 -8.82677E-01
  1.27409E+15  2.25931E-19  1.86698E-09  1.23996E+06 -8.88816E-01
  1.28052E+15  2.23720E-19  1.84870E-09  1.24380E+06 -8.94987E-01
  1.28699E+15  2.21534E-19  1.83064E-09  1.24764E+06 -9.01188E-01
  1.29349E+15  2.19371E-19  1.81277E-09  1.25147E+06 -9.07421E-01
  1.30002E+15  2.17233E-19  1.79510E-09  1.25530E+06 -9.13685E-01
  1.30658E+15  2.15118E-19  1.77762E-09  1.25913E+06 -9.19981E-01
  1.31318E+15  2.13028E-19  1.76035E-09  1.26295E+06 -9.26308E-01
  1.31981E+15  2.10963E-19  1.74329E-09  1.26676E+06 -9.32668E-01
  1.32647E+15  2.08924E-19  1.72644E-09  1.27057E+06 -9.39059E-01
  1.33317E+15  2.06911E-19  1.70980E-09  1.27437E+06 -9.45483E-01
  1.33990E+15  2.04923E-19  1.69338E-09  1.27817E+06 -9.51939E-01
  1.34666E+15  2.02960E-19  1.67716E-09  1.28196E+06 -9.58428E-01
  1.35346E+15  2.01022E-19  1.66114E-09  1.28575E+06 -9.64950E-01
  1.36029E+15  1.99107E-19  1.64531E-09  1.28953E+06 -9.71505E-01
  1.36716E+15  1.97214E-19  1.62967E-09  1.29331E+06 -9.78092E-01
  1.37406E+15  1.95343E-19  1.61421E-09  1.29708E+06 -9.84713E-01
  1.38100E+15  1.93493E-19  1.59892E-09  1.30085E+06 -9.91368E-01
  1.38797E+15  1.91663E-19  1.58380E-09  1.30461E+06 -9.98056E-01
  1.39498E+15  1.89853E-19  1.56885E-09  1.30837E+06 -1.00478E+00
  1.40202E+15  1.88063E-19  1.55405E-09  1.31212E+06 -1.01153E+00
  1.40910E+15  1.86292E-19  1.53942E-09  1.31586E+06 -1.01832E+00
  1.41622E+15  1.84539E-19  1.52494E-09  1.31961E+06 -1.02515E+00
  1.42337E+15  1.82805E-19  1.51061E-09  1.32335E+06 -1.03201E+00
  1.43055E+15  1.81088E-19  1.49642E-09  1.32708E+06 -1.03890E+00
  1.43777E+15  1.79388E-19  1.48237E-09  1.33081E+06 -1.04583E+00
  1.44503E+15  1.77705E-19  1.46846E-09  1.33454E+06 -1.05279E+00
  1.45233E+15  1.76038E-19  1.45469E-09  1.33826E+06 -1.05979E+00
  1.45966E+15  1.74389E-19  1.44106E-09  1.34198E+06 -1.06682E+00
  1.46703E+15  1.72758E-19  1.42758E-09  1.34570E+06 -1.07389E+00
  1.47444E+15  1.71144E-19  1.41425E-09  1.34941E+06 -1.08099E+00
  1.48188E+15  1.69548E-19  1.40105E-09  1.35312E+06 -1.08813E+00
  1.48936E+15  1.67968E-19  1.38800E-09  1.35683E+06 -1.09531E+00
  1.49688E+15  1.66404E-19  1.37507E-09  1.36052E+06 -1.10252E+00
  1.50444E+15  1.64855E-19  1.36228E-09  1.36422E+06 -1.10977E+00
  1.51203E+15  1.63324E-19  1.34962E-09  1.36790E+06 -1.11706E+00
  1.51967E+15  1.61810E-19  1.33711E-09  1.37158E+06 -1.12438E+00
  1.52734E+15  1.60316E-19  1.32476E-09  1.37526E+06 -1.13174E+00
  1.53505E+15  1.58841E-19  1.31258E-09  1.37893E+06 -1.13914E+00
  1.54280E+15  1.57386E-19  1.30055E-09  1.38260E+06 -1.14657E+00
  1.55059E+15  1.55948E-19  1.28867E-09  1.38626E+06 -1.15404E+00
  1.55842E+15  1.54526E-19  1.27692E-09  1.38992E+06 -1.16155E+00
  1.56629E+15  1.53118E-19  1.26529E-09  1.39357E+06 -1.16910E+00
  1.57419E+15  1.51725E-19  1.25377E-09  1.39722E+06 -1.17668E+00
  1.58214E+15  1.50345E-19  1.24237E-09  1.40086E+06 -1.18431E+00
  1.59013E+15  1.48980E-19  1.23109E-09  1.40450E+06 -1.19197E+00
  1.59816E+15  1.47631E-19  1.21994E-09  1.40813E+06 -1.19967E+00
  1.60623E+15  1.46297E-19  1.20892E-09  1.41177E+06 -1.20741E+00
  1.61433E+15  1.44977E-19  1.19801E-09  1.41540E+06 -1.21519E+00
  1.62249E+15  1.43668E-19  1.18720E-09  1.41903E+06 -1.22301E+00
  1.63068E+15  1.42369E-19  1.17647E-09  1.42265E+06 -1.23086E+00
  1.63891E+15  1.41079E-19  1.16580E-09  1.42626E+06 -1.23876E+00
  1.64718E+15  1.39799E-19  1.15523E-09  1.42987E+06 -1.24670E+00
  1.65550E+15  1.38532E-19  1.14476E-09  1.43348E+06 -1.25468E+00
  1.66386E+15  1.37282E-19  1.13443E-09  1.43709E+06 -1.26269E+00
  1.67226E+15  1.36051E-19  1.12425E-09  1.44069E+06 -1.27075E+00
  1.68070E+15  1.34838E-19  1.11423E-09  1.44430E+06 -1.27885E+00
  1.68919E+15  1.33641E-19  1.10434E-09  1.44790E+06 -1.28699E+00
  1.69771E+15  1.32455E-19  1.09454E-09  1.45149E+06 -1.29517E+00
  1.70629E+15  1.31277E-19  1.08481E-09  1.45508E+06 -1.30339E+00
  1.71490E+15  1.30107E-19  1.07513E-09  1.45865E+06 -1.31165E+00
  1.72356E+15  1.28946E-19  1.06554E-09  1.46221E+06 -1.31996E+00
  1.73226E+15  1.27801E-19  1.05608E-09  1.46577E+06 -1.32831E+00
  1.74100E+15  1.26673E-19  1.04676E-09  1.46933E+06 -1.33670E+00
  1.74979E+15  1.25563E-19  1.03759E-09  1.47288E+06 -1.34513E+00
  1.75863E+15  1.24466E-19  1.02852E-09  1.47643E+06 -1.35360E+00
  1.76751E+15  1.23378E-19  1.01953E-09  1.47997E+06 -1.36212E+00
  1.77643E+15  1.22297E-19  1.01060E-09  1.48351E+06 -1.37068E+00
  1.78540E+15  1.21225E-19  1.00174E-09  1.48704E+06 -1.37928E+00
  1.79441E+15  1.20166E-19  9.92991E-10  1.49057E+06 -1.38793E+00
  1.80347E+15  1.19126E-19  9.84392E-10  1.49410E+06 -1.39662E+00
  1.81258E+15  1.18101E-19  9.75926E-10  1.49764E+06 -1.40535E+00
  1.82173E+15  1.17086E-19  9.67537E-10  1.50118E+06 -1.41413E+00
  1.83093E+15  1.16073E-19  9.59165E-10  1.50471E+06 -1.42295E+00
  1.84017E+15  1.15059E-19  9.50783E-10  1.50823E+06 -1.43182E+00
  1.84946E+15  1.14047E-19  9.42421E-10  1.51174E+06 -1.44073E+00
  1.85880E+15  1.13045E-19  9.34141E-10  1.51525E+06 -1.44969E+00
  1.86818E+15  1.12059E-19  9.25999E-10  1.51876E+06 -1.45869E+00
  1.87761E+15  1.11092E-19  9.18006E-10  1.52227E+06 -1.46773E+00
  1.88709E+15  1.10139E-19  9.10133E-10  1.52578E+06 -1.47683E+00
  1.89662E+15  1.09196E-19  9.02336E-10  1.52929E+06 -1.48597E+00
  1.90620E+15  1.08258E-19  8.94591E-10  1.53278E+06 -1.49515E+00
  1.91582E+15  1.07327E-19  8.86898E-10  1.53627E+06 -1.50438E+00
  1.92549E+15  1.06405E-19  8.79272E-10  1.53975E+06 -1.51366E+00
  1.93521E+15  1.05491E-19  8.71726E-10  1.54322E+06 -1.52299E+00
  1.94498E+15  1.04589E-19  8.64267E-10  1.54668E+06 -1.53236E+00
  1.95480E+15  1.03697E-19  8.56899E-10  1.55014E+06 -1.54178E+00
  1.96467E+15  1.02817E-19  8.49628E-10  1.55359E+06 -1.55124E+00
  1.97459E+15  1.01949E-19  8.42455E-10  1.55705E+06 -1.56076E+00
  1.98456E+15  1.01092E-19  8.35372E-10  1.56049E+06 -1.57032E+00
  1.99458E+15  1.00244E-19  8.28365E-10  1.56394E+06 -1.57993E+00
  2.00465E+15  9.94043E-20  8.21425E-10  1.56739E+06 -1.58959E+00
  2.01477E+15  9.85727E-20  8.14553E-10  1.57083E+06 -1.59930E+00
  2.02494E+15  9.77495E-20  8.07750E-10  1.57427E+06 -1.60906E+00
  2.03517E+15  9.69334E-20  8.01006E-10  1.57771E+06 -1.61886E+00
  2.04544E+15  9.61219E-20  7.94301E-10  1.58115E+06 -1.62872E+00
  2.05577E+15  9.53131E-20  7.87617E-10  1.58458E+06 -1.63863E+00
  2.06615E+15  9.45079E-20  7.80963E-10  1.58801E+06 -1.64858E+00
  2.07658E+15  9.37095E-20  7.74366E-10  1.59143E+06 -1.65859E+00
  2.08706E+15  9.29216E-20  7.67855E-10  1.59485E+06 -1.66864E+00
  2.09760E+15  9.21462E-20  7.61447E-10  1.59827E+06 -1.67875E+00
  2.10819E+15  9.13834E-20  7.55145E-10  1.60169E+06 -1.68891E+00
  2.11883E+15  9.06324E-20  7.48939E-10  1.60511E+06 -1.69912E+00
  2.12953E+15  8.98902E-20  7.42805E-10  1.60852E+06 -1.70938E+00
  2.14028E+15  8.91520E-20  7.36705E-10  1.61192E+06 -1.71969E+00
  2.15109E+15  8.84137E-20  7.30604E-10  1.61531E+06 -1.73006E+00
  2.16195E+15  8.76759E-20  7.24508E-10  1.61868E+06 -1.74048E+00
  2.17286E+15  8.69455E-20  7.18472E-10  1.62205E+06 -1.75094E+00
  2.18383E+15  8.62310E-20  7.12567E-10  1.62542E+06 -1.76147E+00
  2.19486E+15  8.55348E-20  7.06814E-10  1.62879E+06 -1.77204E+00
  2.20594E+15  8.48508E-20  7.01162E-10  1.63217E+06 -1.78267E+00
  2.21707E+15  8.41696E-20  6.95533E-10  1.63555E+06 -1.79336E+00
  2.22827E+15  8.34871E-20  6.89893E-10  1.63891E+06 -1.80409E+00
  2.23952E+15  8.28064E-20  6.84268E-10  1.64227E+06 -1.81488E+00
  2.25082E+15  8.21326E-20  6.78700E-10  1.64563E+06 -1.82573E+00
  2.26219E+15  8.14670E-20  6.73200E-10  1.64899E+06 -1.83663E+00
  2.27361E+15  8.08074E-20  6.67750E-10  1.65235E+06 -1.84759E+00
  2.28509E+15  8.01525E-20  6.62338E-10  1.65571E+06 -1.85860E+00
  2.29662E+15  7.95034E-20  6.56974E-10  1.65906E+06 -1.86966E+00
  2.30822E+15  7.88608E-20  6.51664E-10  1.66241E+06 -1.88078E+00
  2.31987E+15  7.82225E-20  6.46390E-10  1.66575E+06 -1.89196E+00
  2.33158E+15  7.75863E-20  6.41132E-10  1.66909E+06 -1.90320E+00
  2.34336E+15  7.69539E-20  6.35906E-10  1.67241E+06 -1.91449E+00
  2.35519E+15  7.63305E-20  6.30755E-10  1.67573E+06 -1.92584E+00
  2.36708E+15  7.57194E-20  6.25705E-10  1.67905E+06 -1.93724E+00
  2.37903E+15  7.51191E-20  6.20745E-10  1.68237E+06 -1.94871E+00
  2.39104E+15  7.45274E-20  6.15855E-10  1.68568E+06 -1.96023E+00
  2.40311E+15  7.39425E-20  6.11022E-10  1.68899E+06 -1.97181E+00
  2.41524E+15  7.33633E-20  6.06235E-10  1.69230E+06 -1.98345E+00
  2.42744E+15  7.27878E-20  6.01480E-10  1.69561E+06 -1.99514E+00
  2.43969E+15  7.22151E-20  5.96748E-10  1.69890E+06 -2.00690E+00
  2.45201E+15  7.16459E-20  5.92044E-10  1.70219E+06 -2.01871E+00
  2.46439E+15  7.10818E-20  5.87383E-10  1.70548E+06 -2.03059E+00
  2.47683E+15  7.05235E-20  5.82769E-10  1.70877E+06 -2.04252E+00
  2.48933E+15  6.99679E-20  5.78178E-10  1.71206E+06 -2.05452E+00
  2.50190E+15  6.94116E-20  5.73581E-10  1.71533E+06 -2.06657E+00
  2.51453E+15  6.88574E-20  5.69001E-10  1.71860E+06 -2.07869E+00
  2.52723E+15  6.83121E-20  5.64495E-10  1.72188E+06 -2.09087E+00
  2.53999E+15  6.77788E-20  5.60089E-10  1.72516E+06 -2.10310E+00
  2.55281E+15  6.72541E-20  5.55752E-10  1.72844E+06 -2.11541E+00
  2.56570E+15  6.67328E-20  5.51445E-10  1.73171E+06 -2.12777E+00
  2.57865E+15  6.62133E-20  5.47151E-10  1.73497E+06 -2.14019E+00
  2.59167E+15  6.56961E-20  5.42878E-10  1.73823E+06 -2.15268E+00
  2.60476E+15  6.51827E-20  5.38635E-10  1.74147E+06 -2.16523E+00
  2.61791E+15  6.46754E-20  5.34443E-10  1.74472E+06 -2.17785E+00
  2.63112E+15  6.41762E-20  5.30318E-10  1.74796E+06 -2.19053E+00
  2.64441E+15  6.36852E-20  5.26261E-10  1.75121E+06 -2.20327E+00
  2.65776E+15  6.31989E-20  5.22242E-10  1.75445E+06 -2.21607E+00
  2.67118E+15  6.27134E-20  5.18231E-10  1.75768E+06 -2.22894E+00
  2.68466E+15  6.22294E-20  5.14231E-10  1.76091E+06 -2.24188E+00
  2.69821E+15  6.17507E-20  5.10275E-10  1.76414E+06 -2.25488E+00
  2.71184E+15  6.12793E-20  5.06380E-10  1.76737E+06 -2.26795E+00
  2.72553E+15  6.08126E-20  5.02523E-10  1.77060E+06 -2.28108E+00
  2.73929E+15  6.03479E-20  4.98683E-10  1.77383E+06 -2.29428E+00
  2.75312E+15  5.98855E-20  4.94862E-10  1.77705E+06 -2.30755E+00
  2.76702E+15  5.94263E-20  4.91067E-10  1.78027E+06 -2.32088E+00
  2.78099E+15  5.89692E-20  4.87290E-10  1.78348E+06 -2.33428E+00
  2.79503E+15  5.85139E-20  4.83528E-10  1.78668E+06 -2.34775E+00
  2.80914E+15  5.80637E-20  4.79808E-10  1.78988E+06 -2.36128E+00
  2.82332E+15  5.76233E-20  4.76168E-10  1.79308E+06 -2.37489E+00
  2.83758E+15  5.71918E-20  4.72603E-10  1.79629E+06 -2.38856E+00
  2.85190E+15  5.67631E-20  4.69060E-10  1.79948E+06 -2.40230E+00
  2.86630E+15  5.63334E-20  4.65510E-10  1.80266E+06 -2.41611E+00
  2.88077E+15  5.59059E-20  4.61977E-10  1.80584E+06 -2.43000E+00
  2.89531E+15  5.54852E-20  4.58500E-10  1.80902E+06 -2.44395E+00
  2.90993E+15  5.50705E-20  4.55073E-10  1.81219E+06 -2.45797E+00
  2.92462E+15  5.46581E-20  4.51666E-10  1.81537E+06 -2.47206E+00
  2.93939E+15  5.42468E-20  4.48267E-10  1.81854E+06 -2.48622E+00
  2.95423E+15  5.38382E-20  4.44891E-10  1.82171E+06 -2.50046E+00
  2.96914E+15  5.34335E-20  4.41546E-10  1.82488E+06 -2.51477E+00
  2.98413E+15  5.30320E-20  4.38229E-10  1.82804E+06 -2.52915E+00
  2.99920E+15  5.26340E-20  4.34940E-10  1.83121E+06 -2.54360E+00
  3.01434E+15  5.22411E-20  4.31693E-10  1.83437E+06 -2.55812E+00
  3.02956E+15  5.18526E-20  4.28482E-10  1.83754E+06 -2.57272E+00
  3.04486E+15  5.14661E-20  4.25289E-10  1.84069E+06 -2.58739E+00
  3.06023E+15  5.10809E-20  4.22105E-10  1.84384E+06 -2.60214E+00
  3.07568E+15  5.06991E-20  4.18950E-10  1.84698E+06 -2.61696E+00
  3.09121E+15  5.03224E-20  4.15838E-10  1.85012E+06 -2.63185E+00
  3.10681E+15  4.99493E-20  4.12755E-10  1.85326E+06 -2.64682E+00
  3.12250E+15  4.95780E-20  4.09687E-10  1.85639E+06 -2.66187E+00
  3.13826E+15  4.92090E-20  4.06637E-10  1.85952E+06 -2.67699E+00
  3.15411E+15  4.88438E-20  4.03619E-10  1.86264E+06 -2.69219E+00
  3.17003E+15  4.84831E-20  4.00639E-10  1.86577E+06 -2.70746E+00
  3.18603E+15  4.81261E-20  3.97689E-10  1.86889E+06 -2.72281E+00
  3.20212E+15  4.77731E-20  3.94772E-10  1.87201E+06 -2.73824E+00
  3.21829E+15  4.74242E-20  3.91889E-10  1.87513E+06 -2.75375E+00
  3.23453E+15  4.70767E-20  3.89017E-10  1.87826E+06 -2.76934E+00
  3.25086E+15  4.67284E-20  3.86139E-10  1.88137E+06 -2.78500E+00
  3.26728E+15  4.63797E-20  3.83257E-10  1.88447E+06 -2.80074E+00
  3.28377E+15  4.60349E-20  3.80408E-10  1.88757E+06 -2.81657E+00
  3.30035E+15  4.56974E-20  3.77619E-10  1.89067E+06 -2.83247E+00
  3.31701E+15  4.53651E-20  3.74873E-10  1.89377E+06 -2.84845E+00
  3.33376E+15  4.50350E-20  3.72146E-10  1.89687E+06 -2.86452E+00
  3.35059E+15  4.47077E-20  3.69441E-10  1.89995E+06 -2.88066E+00
  3.36751E+15  4.43837E-20  3.66764E-10  1.90304E+06 -2.89689E+00
  3.38451E+15  4.40639E-20  3.64121E-10  1.90612E+06 -2.91320E+00
  3.40159E+15  4.37474E-20  3.61505E-10  1.90921E+06 -2.92959E+00
  3.41877E+15  4.34332E-20  3.58909E-10  1.91228E+06 -2.94606E+00
  3.43603E+15  4.31220E-20  3.56337E-10  1.91536E+06 -2.96262E+00
  3.45338E+15  4.28119E-20  3.53775E-10  1.91843E+06 -2.97926E+00
  3.47081E+15  4.25014E-20  3.51209E-10  1.92150E+06 -2.99598E+00
  3.48833E+15  4.21930E-20  3.48661E-10  1.92455E+06 -3.00000E+00
  3.50594E+15  4.18883E-20  3.46142E-10  1.92759E+06 -3.00000E+00
  3.52365E+15  4.15877E-20  3.43659E-10  1.93061E+06 -3.00000E+00
  3.54143E+15  4.12896E-20  3.41196E-10  1.93361E+06 -3.00000E+00
  3.55931E+15  4.09930E-20  3.38744E-10  1.93658E+06 -3.00000E+00
  3.57728E+15  4.07002E-20  3.36325E-10  1.93954E+06 -3.00000E+00
  3.59534E+15  4.04123E-20  3.33946E-10  1.94248E+06 -3.00000E+00
  3.61350E+15  4.01279E-20  3.31596E-10  1.94541E+06 -3.00000E+00
  3.63174E+15  3.98463E-20  3.29269E-10  1.94832E+06 -3.00000E+00
  3.65007E+15  3.95672E-20  3.26962E-10  1.95120E+06 -3.00000E+00
  3.66850E+15  3.92903E-20  3.24675E-10  1.95407E+06 -3.00000E+00
  3.68702E+15  3.90152E-20  3.22401E-10  1.95692E+06 -3.00000E+00
  3.70564E+15  3.87415E-20  3.20139E-10  1.95974E+06 -3.00000E+00
  3.72435E+15  3.84702E-20  3.17897E-10  1.96255E+06 -3.00000E+00
  3.74315E+15  3.82027E-20  3.15687E-10  1.96534E+06 -3.00000E+00
  3.76205E+15  3.79389E-20  3.13507E-10  1.96812E+06 -3.00000E+00
  3.78104E+15  3.76765E-20  3.11339E-10  1.97087E+06 -3.00000E+00
  3.80013E+15  3.74162E-20  3.09188E-10  1.97361E+06 -3.00000E+00
  3.81932E+15  3.71594E-20  3.07065E-10  1.97633E+06 -3.00000E+00
  3.83860E+15  3.69048E-20  3.04961E-10  1.97903E+06 -3.00000E+00
  3.85798E+15  3.66530E-20  3.02881E-10  1.98172E+06 -3.00000E+00
  3.87746E+15  3.64044E-20  3.00827E-10  1.98439E+06 -3.00000E+00
  3.89703E+15  3.61575E-20  2.98786E-10  1.98705E+06 -3.00000E+00
  3.91671E+15  3.59126E-20  2.96763E-10  1.98969E+06 -3.00000E+00
  3.93648E+15  3.56686E-20  2.94747E-10  1.99230E+06 -3.00000E+00
  3.95635E+15  3.54254E-20  2.92737E-10  1.99490E+06 -3.00000E+00
  3.97633E+15  3.51858E-20  2.90757E-10  1.99748E+06 -3.00000E+00
  3.99640E+15  3.49499E-20  2.88807E-10  2.00005E+06 -3.00000E+00
  4.01658E+15  3.47163E-20  2.86877E-10  2.00260E+06 -3.00000E+00
  4.03686E+15  3.44846E-20  2.84963E-10  2.00514E+06 -3.00000E+00
  4.05724E+15  3.42547E-20  2.83062E-10  2.00766E+06 -3.00000E+00
  4.07772E+15  3.40268E-20  2.81179E-10  2.01017E+06 -3.00000E+00
  4.09831E+15  3.38008E-20  2.79312E-10  2.01267E+06 -3.00000E+00
  4.11900E+15  3.35769E-20  2.77462E-10  2.01515E+06 -3.00000E+00
  4.13980E+15  3.33543E-20  2.75623E-10  2.01761E+06 -3.00000E+00
  4.16070E+15  3.31324E-20  2.73789E-10  2.02005E+06 -3.00000E+00
  4.18170E+15  3.29132E-20  2.71977E-10  2.02248E+06 -3.00000E+00
  4.20281E+15  3.26949E-20  2.70174E-10  2.02489E+06 -3.00000E+00
  4.22403E+15  3.24773E-20  2.68375E-10  2.02729E+06 -3.00000E+00
  4.24536E+15  3.22635E-20  2.66608E-10  2.02968E+06 -3.00000E+00
  4.26679E+15  3.20501E-20  2.64845E-10  2.03205E+06 -3.00000E+00
  4.28833E+15  3.18357E-20  2.63074E-10  2.03441E+06 -3.00000E+00
  4.30998E+15  3.16251E-20  2.61333E-10  2.03676E+06 -3.00000E+00
  4.33174E+15  3.14168E-20  2.59611E-10  2.03909E+06 -3.00000E+00
  4.35361E+15  3.12085E-20  2.57891E-10  2.04141E+06 -3.00000E+00
  4.37559E+15  3.10042E-20  2.56202E-10  2.04373E+06 -3.00000E+00
  4.39768E+15  3.08017E-20  2.54529E-10  2.04603E+06 -3.00000E+00
  4.41989E+15  3.05971E-20  2.52838E-10  2.04831E+06 -3.00000E+00
  4.44220E+15  3.03932E-20  2.51154E-10  2.05059E+06 -3.00000E+00
  4.46463E+15  3.01911E-20  2.49483E-10  2.05285E+06 -3.00000E+00
  4.48717E+15  2.99875E-20  2.47801E-10  2.05511E+06 -3.00000E+00
  4.50982E+15  2.97844E-20  2.46122E-10  2.05736E+06 -3.00000E+00
  4.53259E+15  2.95830E-20  2.44458E-10  2.05960E+06 -3.00000E+00
  4.55547E+15  2.93816E-20  2.42794E-10  2.06183E+06 -3.00000E+00
  4.57847E+15  2.91817E-20  2.41142E-10  2.06404E+06 -3.00000E+00
  4.60159E+15  2.89844E-20  2.39512E-10  2.06625E+06 -3.00000E+00
  4.62482E+15  2.87891E-20  2.37898E-10  2.06844E+06 -3.00000E+00
  4.64817E+15  2.85941E-20  2.36286E-10  2.07061E+06 -3.00000E+00
  4.67164E+15  2.83994E-20  2.34678E-10  2.07278E+06 -3.00000E+00
  4.69522E+15  2.82066E-20  2.33084E-10  2.07494E+06 -3.00000E+00
  4.71893E+15  2.80116E-20  2.31474E-10  2.07709E+06 -3.00000E+00
  4.74275E+15  2.78142E-20  2.29842E-10  2.07922E+06 -3.00000E+00
  4.76670E+15  2.76191E-20  2.28230E-10  2.08136E+06 -3.00000E+00
  4.79076E+15  2.74220E-20  2.26601E-10  2.08349E+06 -3.00000E+00
  4.81495E+15  2.72216E-20  2.24945E-10  2.08561E+06 -3.00000E+00
  4.83926E+15  2.70265E-20  2.23333E-10  2.08772E+06 -3.00000E+00
  4.86369E+15  2.68314E-20  2.21721E-10  2.08983E+06 -3.00000E+00
  4.88824E+15  2.66332E-20  2.20083E-10  2.09191E+06 -3.00000E+00
  4.91292E+15  2.64399E-20  2.18486E-10  2.09398E+06 -3.00000E+00
  4.93773E+15  2.62501E-20  2.16917E-10  2.09605E+06 -3.00000E+00
  4.96266E+15  2.60602E-20  2.15348E-10  2.09808E+06 -3.00000E+00
  4.98771E+15  2.58713E-20  2.13787E-10  2.10010E+06 -3.00000E+00
  5.01289E+15  2.56841E-20  2.12240E-10  2.10212E+06 -3.00000E+00
  5.03820E+15  2.54965E-20  2.10689E-10  2.10414E+06 -3.00000E+00
  5.06364E+15  2.53038E-20  2.09097E-10  2.10613E+06 -3.00000E+00
  5.08920E+15  2.51137E-20  2.07526E-10  2.10814E+06 -3.00000E+00
  5.11489E+15  2.49285E-20  2.05996E-10  2.11013E+06 -3.00000E+00
  5.14072E+15  2.47407E-20  2.04444E-10  2.11208E+06 -3.00000E+00
  5.16667E+15  2.45572E-20  2.02928E-10  2.11402E+06 -3.00000E+00
  5.19276E+15  2.43793E-20  2.01458E-10  2.11596E+06 -3.00000E+00
  5.21897E+15  2.41995E-20  1.99972E-10  2.11786E+06 -3.00000E+00
  5.24532E+15  2.40221E-20  1.98506E-10  2.11975E+06 -3.00000E+00
  5.27180E+15  2.38482E-20  1.97069E-10  2.12163E+06 -3.00000E+00
  5.29842E+15  2.36774E-20  1.95658E-10  2.12349E+06 -3.00000E+00
  5.32517E+15  2.35089E-20  1.94265E-10  2.12532E+06 -3.00000E+00
  5.35205E+15  2.33390E-20  1.92861E-10  2.12713E+06 -3.00000E+00
  5.37907E+15  2.31744E-20  1.91501E-10  2.12895E+06 -3.00000E+00
  5.40623E+15  2.30124E-20  1.90163E-10  2.13074E+06 -3.00000E+00
  5.43353E+15  2.28452E-20  1.88781E-10  2.13251E+06 -3.00000E+00
  5.46096E+15  2.26840E-20  1.87448E-10  2.13428E+06 -3.00000E+00
  5.48853E+15  2.25289E-20  1.86167E-10  2.13602E+06 -3.00000E+00
  5.51624E+15  2.23685E-20  1.84842E-10  2.13773E+06 -3.00000E+00
  5.54409E+15  2.22127E-20  1.83554E-10  2.13943E+06 -3.00000E+00
  5.57208E+15  2.20639E-20  1.82324E-10  2.14111E+06 -3.00000E+00
  5.60021E+15  2.19094E-20  1.81048E-10  2.14276E+06 -3.00000E+00
  5.62848E+15  2.17544E-20  1.79767E-10  2.14443E+06 -3.00000E+00
  5.65690E+15  2.16017E-20  1.78505E-10  2.14607E+06 -3.00000E+00
  5.68546E+15  2.14431E-20  1.77195E-10  2.14772E+06 -3.00000E+00
  5.71416E+15  2.12833E-20  1.75874E-10  2.14940E+06 -3.00000E+00
  5.74301E+15  2.11222E-20  1.74542E-10  2.15104E+06 -3.00000E+00
  5.77201E+15  2.09551E-20  1.73162E-10  2.15268E+06 -3.00000E+00
  5.80115E+15  2.07900E-20  1.71797E-10  2.15436E+06 -3.00000E+00
  5.83043E+15  2.06227E-20  1.70415E-10  2.15602E+06 -3.00000E+00
  5.85987E+15  2.04474E-20  1.68967E-10  2.15767E+06 -3.00000E+00
  5.88945E+15  2.02754E-20  1.67545E-10  2.15937E+06 -3.00000E+00
  5.91919E+15  2.01018E-20  1.66111E-10  2.16108E+06 -3.00000E+00
  5.94907E+15  1.99175E-20  1.64588E-10  2.16275E+06 -3.00000E+00
  5.97911E+15  1.97382E-20  1.63106E-10  2.16447E+06 -3.00000E+00
  6.00929E+15  1.95621E-20  1.61651E-10  2.16621E+06 -3.00000E+00
  6.03963E+15  1.93748E-20  1.60103E-10  2.16790E+06 -3.00000E+00
  6.07012E+15  1.91889E-20  1.58567E-10  2.16960E+06 -3.00000E+00
  6.10077E+15  1.90068E-20  1.57062E-10  2.17133E+06 -3.00000E+00
  6.13157E+15  1.88166E-20  1.55490E-10  2.17305E+06 -3.00000E+00
  6.16253E+15  1.86249E-20  1.53906E-10  2.17474E+06 -3.00000E+00
  6.19364E+15  1.84359E-20  1.52344E-10  2.17647E+06 -3.00000E+00
  6.22491E+15  1.82420E-20  1.50742E-10  2.17821E+06 -3.00000E+00
  6.25634E+15  1.80442E-20  1.49108E-10  2.17992E+06 -3.00000E+00
  6.28792E+15  1.78498E-20  1.47501E-10  2.18163E+06 -3.00000E+00
  6.31967E+15  1.76559E-20  1.45899E-10  2.18339E+06 -3.00000E+00
  6.35157E+15  1.74581E-20  1.44264E-10  2.18512E+06 -3.00000E+00
  6.38364E+15  1.72632E-20  1.42654E-10  2.18683E+06 -3.00000E+00
  6.41587E+15  1.70686E-20  1.41046E-10  2.18858E+06 -3.00000E+00
  6.44826E+15  1.68647E-20  1.39361E-10  2.19032E+06 -3.00000E+00
  6.48082E+15  1.66598E-20  1.37668E-10  2.19199E+06 -3.00000E+00
  6.51354E+15  1.64640E-20  1.36050E-10  2.19372E+06 -3.00000E+00
  6.54642E+15  1.62691E-20  1.34439E-10  2.19551E+06 -3.00000E+00
  6.57947E+15  1.60644E-20  1.32748E-10  2.19720E+06 -3.00000E+00
  6.61269E+15  1.58602E-20  1.31060E-10  2.19888E+06 -3.00000E+00
  6.64607E+15  1.56691E-20  1.29481E-10  2.20066E+06 -3.00000E+00
  6.67963E+15  1.54715E-20  1.27848E-10  2.20239E+06 -3.00000E+00
  6.71335E+15  1.52587E-20  1.26089E-10  2.20400E+06 -3.00000E+00
  6.74724E+15  1.50601E-20  1.24448E-10  2.20570E+06 -3.00000E+00
  6.78131E+15  1.48707E-20  1.22883E-10  2.20744E+06 -3.00000E+00
  6.81555E+15  1.46658E-20  1.21191E-10  2.20905E+06 -3.00000E+00
  6.84995E+15  1.44643E-20  1.19525E-10  2.21066E+06 -3.00000E+00
  6.88454E+15  1.42739E-20  1.17952E-10  2.21235E+06 -3.00000E+00
  6.91930E+15  1.40752E-20  1.16310E-10  2.21395E+06 -3.00000E+00
  6.95423E+15  1.38755E-20  1.14660E-10  2.21547E+06 -3.00000E+00
  6.98934E+15  1.36816E-20  1.13058E-10  2.21707E+06 -3.00000E+00
  7.02463E+15  1.34849E-20  1.11432E-10  2.21866E+06 -3.00000E+00
  7.06009E+15  1.32908E-20  1.09828E-10  2.22013E+06 -3.00000E+00
  7.09573E+15  1.31002E-20  1.08253E-10  2.22159E+06 -3.00000E+00
  7.13156E+15  1.29060E-20  1.06648E-10  2.22311E+06 -3.00000E+00
  7.16756E+15  1.27142E-20  1.05064E-10  2.22459E+06 -3.00000E+00
  7.20375E+15  1.25238E-20  1.03490E-10  2.22595E+06 -3.00000E+00
  7.24012E+15  1.23317E-20  1.01903E-10  2.22726E+06 -3.00000E+00
  7.27667E+15  1.21501E-20  1.00402E-10  2.22866E+06 -3.00000E+00
  7.31341E+15  1.19694E-20  9.89085E-11  2.23003E+06 -3.00000E+00
  7.35033E+15  1.17731E-20  9.72868E-11  2.23124E+06 -3.00000E+00
  7.38744E+15  1.15928E-20  9.57964E-11  2.23238E+06 -3.00000E+00
  7.42474E+15  1.14443E-20  9.45698E-11  2.23360E+06 -3.00000E+00
  7.46222E+15  1.12749E-20  9.31700E-11  2.23480E+06 -3.00000E+00
  7.49990E+15  1.10704E-20  9.14802E-11  2.23585E+06 -3.00000E+00
  7.53776E+15  1.08981E-20  9.00561E-11  2.23687E+06 -3.00000E+00
  7.57582E+15  1.07734E-20  8.90259E-11  2.23791E+06 -3.00000E+00
  7.61406E+15  1.06309E-20  8.78484E-11  2.23884E+06 -3.00000E+00
  7.65251E+15  1.04584E-20  8.64223E-11  2.23966E+06 -3.00000E+00
  7.69114E+15  1.03121E-20  8.52138E-11  2.24060E+06 -3.00000E+00
  7.72997E+15  1.02003E-20  8.42901E-11  2.24155E+06 -3.00000E+00
  7.76900E+15  1.00807E-20  8.33017E-11  2.24222E+06 -3.00000E+00
  7.80822E+15  9.95051E-21  8.22258E-11  2.24271E+06 -3.00000E+00
  7.84764E+15  9.83642E-21  8.12830E-11  2.24336E+06 -3.00000E+00
  7.88726E+15  9.73335E-21  8.04313E-11  2.24416E+06 -3.00000E+00
  7.92708E+15  9.62944E-21  7.95726E-11  2.24485E+06 -3.00000E+00
  7.96710E+15  9.54251E-21  7.88543E-11  2.24534E+06 -3.00000E+00
  8.00732E+15  9.47732E-21  7.83156E-11  2.24572E+06 -3.00000E+00
  8.04775E+15  9.40339E-21  7.77047E-11  2.24619E+06 -3.00000E+00
  8.08838E+15  9.30562E-21  7.68967E-11  2.24702E+06 -3.00000E+00
  8.12922E+15  9.20821E-21  7.60918E-11  2.24781E+06 -3.00000E+00
  8.17026E+15  9.15536E-21  7.56550E-11  2.24813E+06 -3.00000E+00
  8.21151E+15  9.14881E-21  7.56010E-11  2.24823E+06 -3.00000E+00
  8.25296E+15  9.14921E-21  7.56043E-11  2.24829E+06 -3.00000E+00
  8.29463E+15  9.15461E-21  7.56489E-11  2.24832E+06 -3.00000E+00
  8.33651E+15  9.16114E-21  7.57028E-11  2.24834E+06 -3.00000E+00
  8.37860E+15  9.16660E-21  7.57480E-11  2.24837E+06 -3.00000E+00
  8.42090E+15  9.18955E-21  7.59376E-11  2.24837E+06 -3.00000E+00
  8.46341E+15  9.23816E-21  7.63393E-11  2.24836E+06 -3.00000E+00
  8.50614E+15  9.29970E-21  7.68478E-11  2.24837E+06 -3.00000E+00
  8.54908E+15  9.35929E-21  7.73403E-11  2.24854E+06 -3.00000E+00
  8.59224E+15  9.40826E-21  7.77449E-11  2.24897E+06 -3.00000E+00
  8.63562E+15  9.44249E-21  7.80277E-11  2.24919E+06 -3.00000E+00
  8.67922E+15  9.46011E-21  7.81733E-11  2.24928E+06 -3.00000E+00
  8.72304E+15  9.46636E-21  7.82250E-11  2.24962E+06 -3.00000E+00
  8.76708E+15  9.47183E-21  7.82702E-11  2.25016E+06 -3.00000E+00
  8.81134E+15  9.49611E-21  7.84708E-11  2.25033E+06 -3.00000E+00
  8.85583E+15  9.61360E-21  7.94417E-11  2.25066E+06 -3.00000E+00
  8.90054E+15  9.71246E-21  8.02586E-11  2.25144E+06 -3.00000E+00
  8.94547E+15  9.76651E-21  8.07053E-11  2.25215E+06 -3.00000E+00
  8.99064E+15  9.88643E-21  8.16963E-11  2.25314E+06 -3.00000E+00
  9.03603E+15  1.00437E-20  8.29957E-11  2.25447E+06 -3.00000E+00
  9.08165E+15  1.01455E-20  8.38369E-11  2.25537E+06 -3.00000E+00
  9.12750E+15  1.02560E-20  8.47502E-11  2.25578E+06 -3.00000E+00
  9.17358E+15  1.04711E-20  8.65272E-11  2.25634E+06 -3.00000E+00
  9.21989E+15  1.06999E-20  8.84184E-11  2.25694E+06 -3.00000E+00
  9.26644E+15  1.08080E-20  8.93113E-11  2.25706E+06 -3.00000E+00
  9.31322E+15  1.08707E-20  8.98296E-11  2.25697E+06 -3.00000E+00
  9.36024E+15  1.11069E-20  9.17815E-11  2.25627E+06 -3.00000E+00
  9.40750E+15  1.15748E-20  9.56485E-11  2.25566E+06 -3.00000E+00
  9.45499E+15  1.20529E-20  9.95991E-11  2.25563E+06 -3.00000E+00
  9.50273E+15  1.24299E-20  1.02714E-10  2.25568E+06 -3.00000E+00
  9.55071E+15  1.28126E-20  1.05877E-10  2.25626E+06 -3.00000E+00
  9.59892E+15  1.32357E-20  1.09373E-10  2.25913E+06 -3.00000E+00
  9.64739E+15  1.35029E-20  1.11581E-10  2.26129E+06 -3.00000E+00
  9.69609E+15  1.35967E-20  1.12356E-10  2.26144E+06 -3.00000E+00
  9.74504E+15  1.38581E-20  1.14516E-10  2.26113E+06 -3.00000E+00
  9.79424E+15  1.45929E-20  1.20588E-10  2.25836E+06 -3.00000E+00
  9.84369E+15  1.55338E-20  1.28363E-10  2.25404E+06 -3.00000E+00
  9.89339E+15  1.65298E-20  1.36594E-10  2.25273E+06 -3.00000E+00
  9.94334E+15  1.75056E-20  1.44657E-10  2.25273E+06 -3.00000E+00
  9.99354E+15  1.83318E-20  1.51485E-10  2.25310E+06 -3.00000E+00
  1.00440E+16  1.88856E-20  1.56060E-10  2.25533E+06 -3.00000E+00
  1.00947E+16  1.91288E-20  1.58070E-10  2.25834E+06 -3.00000E+00
  1.01457E+16  1.93067E-20  1.59541E-10  2.26141E+06 -3.00000E+00
  1.01969E+16  1.96603E-20  1.62462E-10  2.26479E+06 -3.00000E+00
  1.02484E+16  2.02339E-20  1.67202E-10  2.26798E+06 -3.00000E+00
  1.03001E+16  2.06053E-20  1.70271E-10  2.26964E+06 -3.00000E+00
  1.03521E+16  2.07684E-20  1.71619E-10  2.27012E+06 -3.00000E+00
  1.04044E+16  2.08661E-20  1.72427E-10  2.27128E+06 -3.00000E+00
  1.04569E+16  2.12263E-20  1.75403E-10  2.27332E+06 -3.00000E+00
  1.05097E+16  2.21741E-20  1.83235E-10  2.27605E+06 -3.00000E+00
  1.05628E+16  2.25810E-20  1.86597E-10  2.27713E+06 -3.00000E+00
  1.06161E+16  2.36195E-20  1.95179E-10  2.27966E+06 -3.00000E+00
  1.06697E+16  2.44134E-20  2.01740E-10  2.28313E+06 -3.00000E+00
  1.07235E+16  2.63771E-20  2.17967E-10  2.28969E+06 -3.00000E+00
  1.07777E+16  2.73572E-20  2.26066E-10  2.29299E+06 -3.00000E+00
  1.08321E+16  2.93422E-20  2.42468E-10  2.29506E+06 -3.00000E+00
